-5.896982923150062561e-02
-9.993433952331542969e-02
-5.034859105944633484e-02
-5.698565393686294556e-02
-7.162782363593578339e-03
-1.588777184486389160e+00
8.114891825243830681e-04
-4.378234595060348511e-02
-2.549349546432495117e+00
-1.628321707248687744e-01
-1.870725005865097046e-01
-6.815625727176666260e-02
-1.776842176914215088e-01
-3.192997723817825317e-02
-5.235793590545654297e-01
1.151969045167788863e-04
-5.701122060418128967e-02
-3.889963030815124512e-01
-1.427499204874038696e-01
-1.580096483230590820e-01
-1.170203760266304016e-01
-1.432969570159912109e-01
-7.378446403890848160e-03
-1.203205108642578125e+00
-1.087415032088756561e-02
-1.588694192469120026e-02
3.089658357203006744e-02
-1.297459006309509277e-01
-1.517766118049621582e-01
-1.111131832003593445e-01
-1.268003433942794800e-01
-1.108954101800918579e-02
-4.921349585056304932e-01
-1.453239321708679199e-01
-2.521791495382785797e-02
2.180752009153366089e-01
-1.393758505582809448e-01
-1.645023077726364136e-01
-1.291306465864181519e-01
-1.354964375495910645e-01
-8.684507571160793304e-03
-6.096739172935485840e-01
-2.449476718902587891e-01
-1.826676353812217712e-02
-2.505525350570678711e-01
-1.542829722166061401e-01
-2.165258526802062988e-01
-1.341293901205062866e-01
-1.419649422168731689e-01
-2.343757823109626770e-02
-6.786062717437744141e-01
-1.135388091206550598e-01
-4.654936864972114563e-02
3.801972419023513794e-02
