3.94 -19.61 -2.32
0.60 -19.61 4.42
7.49 -19.61 0.17
-2.90 -19.61 -5.35
1.19 -19.61 4.99
8.81 -9.39 -3.21
14.01 19.61 -4.57
7.79 19.61 -5.07
2.06 19.61 -14.32
-2.06 19.61 -6.80
-5.45 19.61 -17.78
2.68 19.61 -19.61
12.39 19.61 -9.57
0.79 19.61 0.17
1.92 19.61 -4.64
-8.02 19.61 -7.72
-7.24 19.61 0.48
1.84 8.38 3.60
-0.10 -19.61 -1.21
0.41 -19.61 -1.51
-1.70 -19.61 -10.41
-1.89 -19.61 9.51
10.87 -19.61 -0.15
15.43 -12.93 -4.80
11.49 10.12 1.82
5.17 19.61 -10.93
10.26 19.61 -0.18
14.17 19.61 -10.06
-1.20 19.61 1.09
0.07 19.61 0.08
17.59 19.61 -19.61
-3.23 19.61 -10.32
-6.18 19.61 -6.20
5.75 -12.24 -1.56
-0.41 -10.98 -1.66
-1.22 -19.61 0.96
-1.70 -19.61 0.89
1.04 -19.61 -1.84
-0.03 -19.61 -1.70
-0.37 -19.61 6.40
12.05 -19.61 -2.62
6.41 15.78 7.14
3.75 18.62 5.23
1.58 19.61 -3.94
-8.88 19.61 -3.39
6.07 19.61 -9.35
5.58 -2.68 3.60
3.35 -19.61 4.77
-3.11 -19.61 3.35
2.71 -19.61 2.80
6.42 -3.96 1.03
-3.93 19.61 -2.94
-0.39 19.61 -9.24
5.67 9.45 -8.32
1.18 -19.16 4.35
-5.20 -19.61 5.88
-0.38 -19.61 2.25
9.86 -19.61 -6.62
8.52 -19.61 -0.37
7.58 0.63 -3.79
1.45 19.61 -17.42
-0.15 19.61 -12.21
2.86 19.61 5.59
11.27 19.61 -4.27
7.21 19.61 -19.61
2.31 19.61 -14.48
-1.26 19.61 -15.40
2.58 8.91 -3.37
3.19 -17.38 -3.67
2.04 -19.61 -3.48
-0.79 -19.61 -3.03
5.12 -2.90 -5.81
-1.80 19.61 -9.42
-3.86 -9.84 -0.57
-4.13 -19.61 -2.76
0.69 4.76 -0.25
-0.45 19.61 -8.76
-1.08 -5.30 -0.76
-3.52 -19.61 -4.09
0.45 -12.73 -2.67
1.43 19.61 -3.44
-2.80 19.61 -4.88
-1.89 -2.50 -0.99
-5.86 -19.61 0.71
-3.44 -19.61 0.78
-3.23 5.64 0.06
-3.16 19.61 -5.79
-10.90 19.61 -0.51
-3.52 15.33 -4.35
-0.89 -7.74 0.37
-2.66 -19.61 2.05
-4.64 -19.61 1.13
5.87 -19.61 -4.77
4.48 -8.27 4.77
0.16 19.61 2.26
-1.17 19.61 -9.31
-0.37 19.61 -7.62
-2.21 -4.10 -1.21
-3.98 -19.61 3.80
-3.02 -19.61 5.54
3.10 -9.74 1.55
-0.79 19.61 -2.55
-18.64 19.61 -8.66
-2.25 19.61 -7.06
-2.59 3.17 -3.15
2.29 9.55 -5.04
8.56 -6.47 -1.83
-4.68 8.82 3.48
3.60 -9.95 3.14
1.88 -15.88 7.67
-5.84 -19.61 4.39
-2.23 -19.61 1.21
-4.71 -19.61 -1.38
-1.28 -19.61 -8.61
0.41 3.28 1.42
-4.37 19.61 -4.77
1.02 19.36 -14.52
-4.03 -18.49 2.13
-3.82 -19.61 2.26
-0.91 -19.61 2.32
3.31 -10.93 5.41
-5.06 19.61 -8.71
-1.49 15.88 -4.18
-4.69 -19.61 -0.96
-0.02 -19.61 -8.23
2.51 -0.62 -0.55
-4.51 19.61 -7.07
-0.63 6.15 -0.49
-0.66 -17.49 0.11
-4.25 -19.61 -1.32
4.44 -13.60 3.27
0.50 19.61 -6.83
1.21 19.61 -0.51
3.11 19.61 -18.46
0.73 19.61 -5.69
3.14 19.61 1.69
-7.24 19.61 -10.97
9.90 19.61 -19.61
10.96 -17.81 12.23
8.98 -14.04 13.10
9.89 -19.61 7.75
-7.08 -19.61 -1.38
-2.70 -19.61 14.26
-0.87 6.30 -6.53
9.60 -3.85 -5.84
1.39 -10.40 1.96
0.18 -19.61 -4.89
-3.40 -19.61 0.72
1.27 7.50 -0.63
-8.01 19.61 -10.48
-0.68 -15.59 -0.64
0.78 -19.61 -4.23
7.75 3.85 4.37
-2.01 19.61 -19.61
3.01 -9.53 -2.71
-3.06 -19.61 -0.80
7.45 -19.61 -10.00
6.16 19.61 -12.71
-10.56 19.61 -19.61
2.28 10.20 -3.55
-2.09 -10.05 4.41
2.95 -19.61 1.76
-1.37 -19.61 6.74
7.14 -19.61 -5.29
8.95 -0.40 4.31
2.32 19.61 -19.37
-2.05 19.61 -13.99
-3.67 11.62 1.71
-0.02 -19.09 8.26
-1.80 -19.61 0.55
10.97 -19.61 -6.16
6.62 13.75 -2.64
-2.39 19.61 -9.35
-7.40 19.61 -7.79
5.38 -17.01 -3.45
0.87 -19.61 -1.95
7.35 -19.61 5.94
1.48 16.50 1.58
-5.79 19.61 -7.90
-0.85 -14.10 0.68
2.48 -19.61 0.40
6.62 -18.29 6.20
-5.91 19.61 -5.89
-3.65 13.39 -4.61
1.90 -16.11 -2.94
-1.65 -19.61 4.56
4.17 -19.61 4.01
-3.07 13.62 2.21
-3.79 19.61 -9.98
-0.03 2.35 -2.49
-1.21 -19.61 1.38
2.57 -19.61 -7.55
3.72 -3.77 4.01
-5.03 19.61 -5.67
-5.55 19.61 -12.74
-7.49 19.61 -12.11
-0.25 15.77 -4.46
4.45 -2.21 0.02
-0.13 -13.78 5.11
1.47 -19.61 3.06
1.63 -19.61 -6.30
8.86 -19.61 -6.72
7.41 -19.61 5.07
8.58 -19.61 -13.51
2.68 -19.61 15.51
13.74 -18.56 0.45
6.20 -9.24 1.29
0.35 19.61 -19.30
0.00 19.61 -4.30
2.13 -5.48 4.91
-0.99 -19.61 -2.27
7.27 -19.61 -4.76
0.68 15.89 -8.56
-2.44 5.11 0.67
-2.60 -17.67 2.60
-3.20 -19.61 7.00
3.16 -19.61 -14.66
5.59 -16.33 -2.63
1.50 19.61 -4.07
-6.59 7.74 4.01
-3.63 -19.61 -1.34
0.62 -19.61 1.30
-1.55 8.20 6.89
-3.09 18.63 -0.69
-2.54 -13.39 0.82
-4.10 -19.61 0.80
2.87 -7.77 -0.36
-2.28 18.64 -3.30
-0.10 19.61 -7.64
1.40 7.10 -0.53
2.80 -10.56 1.52
0.47 -11.22 1.76
-6.40 -19.61 4.63
3.74 -19.61 5.43
0.63 7.56 0.86
-3.10 19.61 -7.21
-0.40 -5.93 1.50
-5.85 -19.61 4.77
1.60 -19.61 -0.90
7.71 4.82 -2.36
-2.17 19.61 -4.25
-12.94 19.61 -2.32
-2.91 -9.74 1.72
0.92 -19.61 0.94
9.01 -13.62 -2.76
2.49 19.61 -4.62
-0.91 18.56 3.52
-1.48 -16.82 -1.32
-1.27 -19.61 -5.84
3.20 0.15 2.14
-4.96 19.61 -4.78
-1.77 13.30 -0.82
-1.69 -19.61 1.09
-4.60 -19.61 3.91
2.35 -9.12 4.86
-3.05 19.61 -6.58
-1.92 6.40 -0.12
-4.03 -19.61 3.76
1.07 -19.61 -4.81
14.65 -19.61 -1.98
11.89 19.61 -4.92
0.19 19.61 -12.34
-3.70 19.61 -5.63
-4.23 19.61 -13.42
-16.38 19.61 8.54
14.54 1.35 2.25
5.19 2.97 2.71
2.49 -15.11 5.97
-7.39 -19.61 11.83
2.91 -19.61 -3.67
4.36 -19.61 8.90
-2.83 7.61 7.67
-9.27 19.61 -3.97
-1.76 -12.59 4.06
1.13 -19.61 -2.43
2.98 -1.40 2.30
-7.69 19.61 -5.85
-3.72 -17.51 1.96
-0.55 -19.61 6.89
5.39 -13.42 5.21
-7.96 19.11 -4.82
-4.67 14.08 -2.77
-1.28 -19.16 -0.69
5.94 -19.61 6.25
5.77 5.13 -2.48
-8.90 19.61 -4.55
-0.42 -8.70 0.20
-0.03 -19.61 -0.49
10.33 -19.61 -1.56
-5.37 12.90 0.77
6.90 3.79 -5.46
3.14 -19.61 0.21
1.71 -19.61 7.98
7.75 14.09 -3.75
-7.89 19.61 -8.38
0.83 -19.02 0.60
2.67 -19.61 6.30
6.15 3.26 -6.00
-9.83 19.61 -3.75
-2.51 -8.86 3.75
-0.40 -19.61 4.98
2.27 -10.04 3.66
-8.82 19.61 -7.10
-2.42 -8.81 0.91
-1.43 -19.61 3.89
0.31 -5.24 3.19
-3.85 19.61 -8.84
1.16 -13.23 -2.66
-2.12 -19.61 4.50
1.57 12.40 -3.87
-5.90 15.92 -2.71
-0.63 -19.61 1.36
3.20 -17.12 2.46
-5.32 19.61 -9.65
1.90 -4.90 -5.16
0.75 -19.61 4.92
1.54 -19.61 -0.46
2.54 8.81 1.75
-2.05 19.61 -11.90
-1.69 -2.45 5.54
0.58 -19.61 0.95
1.03 -7.09 7.45
-8.43 19.61 -5.09
2.43 -19.61 -0.77
3.73 -19.61 -2.49
-4.28 19.61 -7.15
2.43 -8.30 -4.30
11.36 -19.61 -8.66
7.81 19.61 -19.61
1.09 -1.55 -4.79
-5.13 -19.61 3.74
12.59 -19.61 -6.55
8.72 19.61 -12.12
-3.18 19.61 -17.41
-1.90 19.61 -3.58
1.86 -14.47 3.15
-1.53 -19.61 10.02
-3.28 -19.61 16.52
0.74 -19.61 8.11
-2.19 -19.61 -0.21
5.62 -6.12 2.93
-6.86 19.61 -5.92
-0.03 19.14 -6.17
4.91 -17.62 -0.85
-1.54 -19.61 3.88
5.97 -19.61 5.11
6.59 -19.61 7.51
4.54 19.61 -12.95
-7.11 19.61 -14.29
-1.72 10.73 -4.83
-3.32 -14.57 7.06
-0.53 -19.61 3.48
7.29 -19.61 4.76
-1.44 19.61 -3.99
-5.43 19.61 -7.26
-10.30 7.82 3.20
-1.49 -19.61 -2.48
1.87 7.47 0.72
-3.77 1.59 -5.35
1.13 -19.61 0.12
7.16 -19.61 -0.07
6.40 19.61 -9.64
-0.06 1.22 -4.95
5.76 -18.72 -9.09
8.84 -19.61 -4.23
7.36 3.80 -4.88
-3.19 18.48 -8.86
2.67 -17.12 -1.92
2.25 -19.61 12.67
-4.94 12.30 -6.54
-5.68 -6.78 0.06
2.27 -19.61 -1.74
5.53 -13.35 7.58
-5.84 19.61 -13.24
4.50 -9.36 -11.17
-5.32 -15.71 5.89
2.38 -19.61 9.45
3.47 9.39 -3.47
-5.57 18.89 -6.58
7.10 -15.67 -5.86
5.46 -19.61 4.00
9.62 -15.20 9.76
2.82 18.61 -7.76
2.27 -8.43 -2.09
7.04 -19.61 -0.48
8.83 -4.26 -3.08
-5.06 19.61 -8.58
2.27 -7.26 6.12
2.34 -19.61 4.64
9.26 -19.61 3.98
-0.70 15.89 -15.32
-7.35 6.03 -4.85
3.41 -19.14 1.60
7.61 -19.61 -1.19
-3.60 6.46 -1.04
-5.77 8.90 -8.12
-1.10 -19.61 1.08
-0.10 19.61 -8.07
-3.00 19.09 -1.06
1.08 -9.96 -1.65
3.50 -19.61 -5.14
1.82 6.86 -2.32
-7.98 19.61 -0.07
-0.47 -19.61 -3.81
0.30 -13.71 -0.47
0.19 19.61 -9.19
-0.54 -4.55 -3.70
0.94 -19.61 -3.29
0.31 -10.98 1.34
0.32 19.61 -8.82
0.56 1.04 -9.20
-0.08 -19.61 -2.24
6.83 -17.34 -3.91
-9.20 15.36 -7.45
4.45 1.93 -3.93
0.74 -19.61 -2.10
8.78 -19.61 -1.64
7.55 -17.21 6.27
-4.02 19.61 -9.74
-1.28 -4.15 -0.74
-1.84 -19.61 4.70
1.74 -19.61 6.61
3.24 8.56 6.10
-5.90 19.61 -8.97
4.10 -19.61 -5.70
7.46 -19.61 2.89
8.95 19.61 -19.61
6.91 -3.36 -2.48
4.19 -19.61 1.37
-1.53 -19.61 9.80
2.18 -9.69 8.83
-0.20 18.96 -7.02
-1.58 11.50 -4.96
1.71 -16.70 -3.17
4.70 -19.61 3.01
6.05 -17.72 6.90
5.93 14.14 -13.92
-5.00 0.25 -0.65
2.66 -19.61 1.99
4.37 -19.61 1.62
6.05 9.77 -6.95
-5.07 19.61 -12.09
-0.11 3.93 -12.31
1.56 -11.77 3.17
5.23 -19.61 -5.46
-1.40 17.68 -3.77
0.65 -4.11 -5.35
2.52 -19.61 -2.56
8.36 -19.61 -0.86
9.08 11.61 -8.24
2.87 19.61 -14.33
-0.65 -1.36 -2.15
1.40 -19.61 3.00
4.37 -19.61 7.37
7.20 17.48 -16.28
-0.39 12.50 -7.63
-4.33 -16.02 2.37
-3.79 -19.61 10.90
1.99 -4.17 1.07
-2.26 19.61 -8.19
-0.33 -12.11 -2.93
1.06 -19.61 5.87
2.63 -11.92 3.03
-1.64 19.61 -12.96
-1.43 -9.43 -1.19
4.29 -19.61 6.63
0.88 4.45 -5.21
-8.98 17.13 -1.01
-1.38 -17.02 -0.01
1.42 -19.61 5.23
1.83 4.32 -2.72
-7.59 19.61 -5.72
1.52 -17.08 -3.22
7.20 -19.61 -0.99
4.01 -2.90 -0.28
-3.89 19.61 -9.09
-1.07 -7.34 -1.94
-0.95 -19.61 2.88
6.42 -10.99 0.28
-8.38 19.61 -9.76
-1.99 -5.49 4.64
-0.76 -19.61 8.09
4.26 -18.45 6.54
-5.52 10.14 -7.46
-3.07 -6.90 5.15
-0.29 -19.61 -2.16
4.90 -19.61 0.04
6.51 7.88 -2.07
-4.61 19.61 -9.55
5.21 -19.61 -0.30
1.99 -19.61 6.37
4.57 -19.61 14.07
8.19 12.06 0.94
-0.07 19.61 -9.47
6.06 -10.82 -4.91
-3.97 -19.61 8.32
8.55 -19.61 6.50
-2.95 19.61 -8.72
-0.03 -6.16 -1.83
4.94 -19.61 -4.89
5.35 5.93 1.77
-6.84 -4.91 -3.07
1.63 -19.61 -1.42
2.13 -16.50 0.58
-4.73 7.71 2.47
-6.82 19.61 -3.66
-4.36 -6.53 -1.96
-3.59 -19.61 -3.46
4.56 -19.61 -15.42
2.99 -1.88 1.08
-5.33 19.61 -3.51
-6.24 -4.48 0.31
5.13 -19.61 -8.87
3.62 1.34 1.62
-3.18 14.89 -4.80
-0.35 19.61 -10.32
3.02 1.84 -10.50
5.26 -19.61 -3.63
5.02 -19.61 1.23
2.49 -19.61 10.91
-2.80 18.74 -0.17
-6.02 14.66 -6.02
4.57 -2.25 -0.45
5.40 -19.61 -1.80
6.94 -19.61 3.95
3.41 -19.61 9.76
-1.48 8.74 -2.91
-3.67 12.44 -6.64
-2.28 16.78 -4.37
-2.61 4.41 -3.06
3.48 -17.02 -4.65
2.32 -19.61 -1.25
2.81 -19.61 10.53
1.55 -5.70 3.76
-3.41 14.98 -10.45
-1.02 -2.81 -1.30
0.72 -13.52 -0.05
6.89 -19.61 2.85
8.00 -19.61 12.06
3.39 15.34 -11.93
-0.21 19.61 -11.39
1.59 2.55 4.08
8.08 -19.61 0.51
3.39 -19.61 8.03
-1.39 -19.61 5.01
11.92 -19.61 1.67
4.43 -19.61 -8.64
5.23 -19.61 6.09
16.52 -19.61 19.61
17.55 -19.61 11.58
8.08 -13.24 12.67
-5.61 19.07 -4.64
5.90 0.15 -3.24
2.96 -19.61 0.50
4.80 -3.28 3.55
3.36 19.61 -14.14
2.40 -10.75 -4.36
6.12 -19.61 1.10
2.44 2.61 -3.15
-4.18 19.61 -6.00
0.90 -19.61 -0.96
3.14 -19.61 3.58
0.72 0.60 2.16
-4.11 8.17 -2.87
2.23 -19.61 5.38
6.15 -17.71 1.03
-4.29 17.46 -9.33
-4.54 5.42 1.14
0.43 -19.61 -0.00
5.19 -19.61 8.67
5.55 2.07 -1.13
7.06 19.61 -12.18
1.31 -3.40 1.76
7.07 -19.61 7.08
6.01 -19.61 19.12
5.12 16.91 -19.61
-4.08 19.61 -2.69
3.64 -17.57 -5.24
1.20 -19.61 11.29
6.32 8.18 -11.45
-5.87 19.61 -11.49
4.24 -16.31 -7.77
3.93 -19.61 3.97
6.65 -17.67 2.44
0.29 19.61 -10.18
0.27 0.42 2.27
1.14 -19.61 -0.48
10.35 -19.61 -0.31
6.60 -8.13 1.04
1.36 17.07 -8.57
5.01 -17.12 -3.85
7.44 -19.61 1.01
3.71 -19.61 10.49
-0.85 16.41 -7.53
-2.42 19.61 -10.75
-0.51 -1.51 -2.56
1.66 -18.47 -3.75
1.93 -19.61 4.25
3.34 -19.61 8.01
4.52 -9.93 5.44
0.03 14.57 -9.09
-1.92 5.00 -4.91
1.27 -16.76 -0.65
2.17 -19.61 6.10
7.64 -14.97 0.41
4.07 13.50 -12.15
-8.95 8.10 7.21
1.65 -19.61 -0.96
3.50 -19.61 3.58
-0.96 4.93 -4.01
-2.96 3.65 -1.94
-0.05 -19.24 0.61
9.55 -19.61 -9.54
2.88 14.56 3.04
7.98 19.61 -18.92
3.55 -15.88 -0.23
1.05 -19.61 6.65
9.23 -19.61 -11.69
6.36 -8.13 0.16
-2.85 19.61 -12.24
0.69 1.98 -0.71
1.88 -19.61 5.50
12.58 -19.61 -2.48
7.49 -19.61 4.90
0.88 9.76 -14.78
-4.47 19.61 -14.37
-7.82 13.53 -1.45
6.82 -15.30 -4.79
12.67 -19.61 1.25
5.72 14.54 -10.96
0.40 7.89 -3.48
4.94 -19.61 -1.61
3.06 -19.61 -7.21
7.86 -8.21 2.34
-1.09 19.61 -6.77
0.32 -7.61 0.89
-0.35 -19.61 -3.72
4.63 -0.16 0.40
-7.47 19.61 -11.06
-0.47 -0.82 5.70
2.91 -19.61 9.09
11.11 -19.61 4.04
3.59 6.67 0.95
0.04 19.61 -10.53
-4.46 9.48 1.53
0.30 -19.61 2.82
15.95 -19.61 -12.53
-1.06 13.88 -5.61
-2.68 0.36 -0.87
1.56 -19.61 -8.92
-0.26 10.07 -2.32
-4.05 11.37 -9.86
-1.54 -19.61 -5.12
17.33 -19.61 -19.61
4.59 0.08 0.34
-3.19 15.18 -7.18
-1.50 -5.48 1.41
6.01 -19.61 -19.61
8.81 -1.62 -5.33
0.90 19.61 -6.92
-1.80 9.38 -1.28
1.55 -16.45 -1.99
3.02 -19.61 1.28
2.01 -10.10 2.54
0.57 19.61 -9.88
-0.47 -5.85 -4.03
4.15 -19.61 8.77
3.57 -16.22 7.82
0.85 15.60 -13.53
-2.03 -0.25 0.59
0.79 -18.52 11.76
8.32 -19.61 10.13
-6.20 17.93 -4.29
-6.77 7.37 -0.12
2.26 -16.23 -3.55
4.35 -19.61 9.15
4.73 -3.52 5.95
-4.15 13.87 -9.35
-4.86 1.52 6.33
0.58 -18.16 5.13
2.15 -19.61 13.54
4.44 2.13 -11.05
-7.75 5.68 -2.78
-1.48 -12.96 7.69
2.79 -19.61 3.85
2.88 11.54 -10.30
4.17 7.85 -3.10
2.28 -17.37 -0.38
8.65 -19.61 3.48
-2.80 0.46 0.80
1.40 13.73 -9.16
0.89 -11.79 -0.31
2.74 -19.61 6.79
0.74 -19.61 9.36
-2.64 10.72 -8.25
-6.35 9.03 -2.53
4.71 -19.56 3.29
10.06 -19.61 -0.33
-0.38 -8.15 -1.82
-2.47 19.61 -8.60
-7.40 19.61 -10.44
-3.62 14.12 -5.94
-0.19 -16.55 0.12
3.36 -19.61 1.09
10.53 -19.61 5.12
7.52 10.40 1.75
6.70 19.61 -12.79
2.66 19.61 -7.97
11.86 1.86 -6.38
5.39 16.65 -1.51
7.78 19.61 -12.19
19.61 19.61 -19.61
9.73 19.61 4.52
10.70 19.61 -18.56
15.78 -17.17 18.32
15.50 -19.61 19.61
1.75 -19.61 19.61
10.50 -19.61 14.45
2.77 13.13 -6.89
-2.86 1.29 0.82
-0.06 -19.61 -2.17
3.00 -12.30 2.70
-2.59 7.00 -6.04
-3.35 -7.03 -1.01
3.15 -19.61 3.66
-2.13 -5.22 3.20
-3.30 10.06 -8.45
-2.76 -8.22 -0.76
4.26 -19.61 2.65
-1.39 -14.07 5.40
-1.05 19.61 -9.02
-0.49 3.78 -3.57
4.38 -16.90 -4.22
2.33 -19.61 3.16
2.10 -14.61 3.06
-3.14 13.96 -9.80
-0.37 -7.91 1.64
1.47 -19.61 2.18
3.50 -15.63 1.94
-1.78 10.54 -3.33
9.04 -19.61 -2.72
-0.84 -19.61 1.50
0.05 5.84 -11.70
-1.72 8.92 -4.26
-4.39 -19.61 -1.54
0.71 -19.61 0.26
5.69 19.61 -14.82
-5.95 7.00 -4.77
-3.23 -19.61 -3.13
6.79 -19.56 0.58
7.07 19.61 -19.61
-1.93 3.48 0.77
3.44 -19.61 2.00
9.37 -16.42 6.27
2.32 19.61 -11.92
2.89 -11.71 -4.89
8.41 -19.61 -2.70
6.33 -12.34 -0.87
-2.31 19.61 -12.02
4.40 -12.28 -4.98
8.31 -19.61 0.70
1.87 -13.19 0.85
-2.76 17.45 -7.02
-0.39 -9.70 2.42
4.32 -19.61 -2.90
1.36 -8.44 1.04
-4.39 19.61 -6.16
2.41 -10.35 -2.18
8.30 -19.61 5.07
3.02 -12.59 0.86
1.00 12.63 -8.23
4.24 -13.95 -0.95
8.54 -19.61 -2.28
1.79 -6.77 2.28
-6.63 19.61 -10.36
-0.53 -4.85 3.57
0.31 -19.61 7.88
9.56 -19.61 14.88
-2.09 9.67 -3.28
5.52 -7.36 -3.36
2.05 -19.61 8.08
4.68 -19.61 12.40
-4.29 8.66 -4.23
2.50 -2.86 -0.60
2.46 -19.10 6.31
6.18 -19.61 7.32
-0.24 13.93 -10.17
3.64 -7.93 0.02
2.20 -19.61 9.30
7.42 -19.61 7.69
-5.62 12.56 -11.94
-0.63 -0.20 -0.08
4.82 -17.40 3.09
6.36 -19.61 6.77
1.76 1.03 -5.74
0.90 -2.62 -1.09
3.79 -19.61 6.73
4.03 -19.61 15.87
1.90 11.16 -3.44
-8.48 15.76 -0.91
3.91 -16.04 0.02
11.59 -19.61 -3.36
5.69 -15.63 3.30
-0.64 17.19 -12.26
-4.83 5.17 -1.23
-0.31 -19.61 3.82
8.31 -19.61 -9.50
10.01 5.72 -6.57
-9.62 19.61 -4.10
3.81 -12.40 -9.54
3.15 -19.61 5.93
0.60 8.62 -9.85
-9.85 1.31 -3.33
0.08 -19.61 -0.04
-4.94 -14.44 3.21
-0.01 14.25 -12.72
-4.28 0.75 -5.50
2.43 -19.61 0.23
-4.78 -1.16 -2.40
-1.99 13.47 -11.23
0.27 -4.84 -5.98
-0.19 -19.61 -1.08
-5.29 -8.16 -1.00
-4.57 11.29 -10.86
-0.31 -14.90 -7.00
1.95 -19.61 -1.25
-1.72 -19.61 1.74
5.76 -19.61 -4.24
2.47 -17.75 8.34
1.23 19.61 -17.07
-3.88 15.10 -7.07
4.47 -18.25 -1.20
11.10 -19.61 1.33
3.55 15.56 -2.41
7.11 -10.27 -1.32
4.51 2.28 1.39
6.01 -6.91 -5.01
2.67 -2.93 2.10
4.64 -9.34 -5.85
5.02 2.15 1.92
4.89 -12.34 -4.40
7.47 0.71 -5.12
4.55 -11.34 -3.21
5.50 -3.63 0.00
8.91 -1.08 -5.27
7.93 -19.61 4.52
-1.30 17.77 -4.14
8.45 -19.61 -8.29
-3.64 11.56 -2.83
10.09 -19.61 -3.88
-1.66 19.61 -7.29
2.34 -19.61 -9.46
0.68 7.59 -1.99
1.42 -9.14 -3.85
0.37 3.72 -1.17
3.38 0.93 -2.66
6.53 -19.61 -3.84
0.68 14.77 -4.97
-3.32 -3.72 -1.76
5.19 -7.24 -1.52
-1.89 11.33 -3.29
4.66 -19.61 -7.87
3.57 8.93 -0.93
-2.07 0.43 -1.53
8.70 -19.61 -11.89
0.13 16.84 -3.93
3.56 -19.07 -2.23
4.35 -15.15 -1.16
-1.94 19.37 -6.04
-0.51 -15.96 -0.93
5.75 -19.61 -7.84
-4.23 19.61 -2.49
2.12 -19.61 0.48
2.96 -12.06 -0.86
-2.43 19.61 -4.50
3.16 -19.61 -3.61
4.86 -5.37 -2.23
-3.20 11.95 -4.58
4.40 -19.61 -3.94
-2.30 9.56 -0.59
-5.01 2.20 0.93
1.00 -19.61 -0.78
-2.96 4.08 -0.67
-9.52 6.01 -3.41
-2.48 -9.43 5.33
3.61 -10.53 14.19
-1.08 -14.95 10.30
-6.34 6.11 -2.10
-2.09 -19.61 8.13
4.10 -11.71 -2.27
-3.66 19.61 3.07
-0.69 -4.77 -1.82
1.38 -19.61 0.08
0.19 5.55 2.79
8.48 -9.29 -5.81
2.78 -19.61 -4.12
-0.33 -4.31 8.21
1.63 19.61 -0.44
2.06 -15.83 -5.62
5.40 -19.61 -2.13
3.88 9.25 -10.53
-0.34 3.73 -2.11
1.49 -17.21 -0.59
5.66 -19.61 0.91
-0.49 1.60 5.64
-8.74 16.27 -1.38
0.35 -10.01 -1.83
2.57 -19.61 -1.38
2.64 -8.14 3.76
-2.58 17.90 -3.62
-0.88 -9.69 2.43
6.80 -19.61 0.34
-2.85 5.89 2.80
-4.64 10.16 5.22
1.27 -14.08 -1.93
2.51 -19.61 -0.10
3.13 -0.08 -0.31
-4.74 12.98 3.11
0.92 -17.96 -1.12
-0.92 -19.61 11.09
-1.66 8.04 0.52
-3.87 6.06 -5.31
1.55 -19.61 -0.44
1.37 -19.61 4.10
1.25 19.61 -11.48
-0.62 -1.64 -0.48
4.49 -19.61 1.99
3.34 -8.84 1.35
4.30 19.61 -14.13
-6.10 6.15 -0.37
10.87 -19.61 -4.74
-3.43 -19.61 4.41
2.19 -19.61 1.06
2.19 -19.61 3.54
2.99 3.48 -7.08
-3.16 13.86 -10.45
0.19 -7.37 -0.30
1.87 -19.61 -1.42
5.69 -19.61 -4.59
2.98 9.76 -11.84
-5.83 8.64 -2.83
5.18 -19.61 -5.11
5.43 -19.61 8.20
6.66 5.43 -12.35
0.37 0.64 -1.82
0.27 -19.61 -2.27
6.13 -19.61 17.40
7.53 0.83 0.27
-4.68 19.61 -3.49
5.12 -13.91 -3.23
3.38 -19.61 5.52
2.87 -19.61 9.63
6.93 1.50 -2.64
-6.93 19.61 -7.23
3.28 -6.02 -8.37
0.49 -19.61 5.22
10.80 -19.61 3.81
4.82 11.37 -12.96
5.68 -7.73 -5.03
2.47 -19.61 3.67
9.30 -19.61 -3.45
-3.85 14.58 0.49
-8.57 10.46 1.99
3.28 -9.51 -2.53
1.95 -19.61 -2.50
7.06 -19.61 -2.89
2.46 -6.34 4.95
-3.79 7.60 -3.56
1.10 -11.92 -0.78
5.13 -19.61 -4.46
-0.66 -1.84 2.07
-5.82 8.05 -3.74
0.68 -15.05 1.02
8.01 -19.61 -10.93
-1.55 12.69 5.10
1.26 6.24 -6.74
2.18 -13.26 -4.21
5.57 -19.61 8.16
-6.64 10.62 -1.76
-3.50 10.87 -0.34
-0.46 -13.42 0.04
-1.77 -19.61 -0.27
-3.63 6.94 -0.76
-5.15 4.72 1.27
-1.55 -9.76 1.83
1.29 -19.61 2.30
4.81 -19.61 7.77
-3.89 6.50 -0.93
-5.11 14.57 -1.95
-1.92 -6.29 -2.14
6.96 -19.61 0.24
-1.74 -10.30 4.06
-6.61 -19.61 -6.35
-0.26 1.23 1.93
-5.25 19.61 -2.55
10.67 19.61 -13.91
14.02 -19.61 -1.46
2.48 -19.61 -10.73
-0.99 -19.61 -19.61
-3.39 -19.61 -16.19
-0.43 -19.61 -8.50
0.18 -13.70 -6.91
-3.14 17.89 0.54
9.70 19.61 -3.46
4.15 10.94 11.21
5.16 -11.26 -4.14
0.04 -19.61 2.75
4.84 -19.61 -9.45
-12.20 -19.61 4.42
-5.11 -19.61 -5.73
-3.52 -19.61 -8.49
-5.33 -19.61 -2.41
-12.53 -19.61 -13.08
-1.05 -5.33 -18.16
0.96 10.19 -3.05
-4.14 19.61 -11.07
-5.01 9.64 -10.24
-2.79 -6.26 -1.99
-7.07 19.61 -2.85
12.40 19.61 -19.61
12.09 -7.99 4.02
-19.61 -19.61 -14.04
0.88 -19.61 -12.21
-2.95 19.61 -4.89
19.10 9.71 4.67
-0.18 -19.61 -1.92
3.85 -19.61 2.41
-2.98 19.61 -9.84
-4.56 19.61 -19.61
-5.21 -19.61 10.87
4.70 -19.61 19.61
0.43 19.61 -15.73
13.93 -12.09 19.61
-17.38 -19.61 -19.61
0.36 4.17 -5.46
17.40 19.61 -19.61
19.61 -19.61 19.61
-19.61 -19.61 -12.20
-3.17 -19.61 -2.53
-7.64 -19.61 -0.56
-5.01 -19.61 -5.12
-0.54 14.77 -4.94
1.73 -4.46 -0.80
-9.06 -19.61 -3.93
0.33 -19.61 0.48
6.39 2.95 5.12
-14.58 19.61 -0.84
1.47 -13.93 -5.95
-8.26 -19.61 -17.62
9.31 -4.66 -8.48
-0.28 19.61 -0.57
-2.44 -12.42 -4.82
-9.06 -19.61 -1.58
-10.58 -19.61 -7.74
-1.49 -5.79 -3.44
-1.15 19.61 -10.22
0.18 -12.72 -2.51
-6.08 -19.61 -4.55
-4.90 -19.61 -11.59
0.91 -19.61 -5.29
-6.31 -19.61 -7.82
17.02 -16.96 -12.88
5.24 19.61 -19.61
8.43 -19.61 -3.60
-10.75 -19.61 -5.24
-6.91 -19.61 -10.60
2.37 -18.18 -6.78
6.09 2.08 -6.15
4.53 19.61 -13.31
7.55 15.66 -19.61
8.10 -19.61 -14.62
-4.87 -19.61 -8.48
3.36 -15.33 7.55
7.68 19.61 -14.22
3.25 15.56 19.61
19.61 -9.22 -0.65
19.61 -11.13 4.57
16.52 -19.61 -9.94
-8.05 -19.61 -14.28
9.13 2.35 -6.15
-7.38 19.61 -19.61
19.61 -19.61 -5.32
-1.62 -19.61 -13.17
-1.95 0.67 -2.30
-11.08 19.61 -6.82
8.76 19.61 -19.61
-0.78 19.61 11.67
3.81 19.61 -0.65
-6.36 5.33 1.46
-6.71 -19.61 -9.26
-3.16 6.30 -5.22
-6.62 -19.61 -7.58
-3.06 -4.74 1.78
-3.53 -16.63 -6.14
-0.17 -18.61 -1.62
-7.31 -9.98 0.40
-4.03 -19.61 -13.37
-7.14 7.68 2.48
-4.95 -19.61 -4.45
2.21 -8.01 -0.99
-3.99 0.38 -3.70
-6.91 -19.61 -6.60
-0.59 -2.37 0.82
-11.03 -19.61 1.48
-3.31 -19.61 -6.32
-6.13 11.17 -5.42
-5.04 -19.61 -2.91
-2.30 -19.61 -3.00
-7.03 13.04 0.87
-2.83 -16.59 -2.10
-9.06 -19.61 -4.97
3.02 3.59 -3.36
-4.33 -8.87 2.75
-8.07 -19.61 -8.25
2.86 -9.65 -2.52
-12.61 11.47 -4.31
-7.65 -19.61 -2.31
1.49 -19.00 -1.25
-2.90 10.08 -2.67
2.35 -11.73 -8.86
-7.47 -19.61 -4.84
0.38 -19.61 -5.38
1.19 12.39 -13.16
-3.51 -3.57 -0.51
-5.55 -19.61 -8.41
1.01 -19.61 0.43
-7.15 19.61 -3.01
0.03 0.27 -5.74
-4.71 -19.61 -1.18
3.85 -19.61 -1.15
-0.24 19.61 -3.11
0.31 10.19 -8.21
-1.11 -19.61 -2.04
-7.11 -19.61 -8.94
7.68 -19.61 -1.92
-3.97 19.61 1.81
-2.39 11.96 -0.77
0.33 -19.61 -6.73
-3.59 -19.61 -1.99
-7.36 -19.61 -6.69
-19.61 -19.61 -8.15
-13.02 -19.61 7.36
-0.21 -19.61 -19.61
-9.89 -19.61 -1.36
-12.44 -19.61 -19.61
-19.61 -19.61 -16.60
-16.62 -19.61 -7.79
-3.59 -19.61 -14.56
-10.99 -19.61 -19.61
1.02 -19.61 -19.61
11.33 -19.61 0.86
9.81 -19.61 -13.31
5.42 -9.45 7.12
-4.21 -0.07 13.47
4.74 19.61 -15.83
3.65 19.61 -19.61
-0.96 19.61 -9.78
7.96 1.85 -8.62
-0.52 -19.61 -6.32
-9.05 -19.61 -5.61
0.01 -1.29 4.47
-9.63 19.61 -8.48
1.02 -8.82 -4.05
-7.15 -19.61 -5.25
-3.53 -19.61 -7.40
0.28 -8.99 -2.06
-12.00 18.42 -2.16
-6.78 -1.49 -2.10
-9.23 -19.61 -2.73
-4.71 -19.61 -8.08
1.43 1.10 1.95
0.34 19.61 -15.18
-6.53 5.82 -3.18
-4.52 -19.61 -5.63
-8.85 -19.61 -3.15
8.83 -19.61 0.29
5.17 -6.58 12.32
1.13 19.61 -17.42
-3.28 -8.11 -6.41
1.06 -19.61 -3.45
-3.62 -19.61 -10.55
2.96 -19.61 -19.61
-6.44 -19.61 -18.47
-9.89 -19.61 -19.61
16.19 -19.61 -15.19
8.33 -19.61 -12.80
7.60 -19.61 7.59
7.30 -19.61 -6.99
0.96 -8.96 5.61
-1.26 3.02 -1.98
4.45 -1.27 -1.90
-1.36 19.61 0.08
0.27 19.61 10.60
-1.57 -8.97 0.94
0.46 -19.61 -4.23
1.92 -19.61 -11.26
6.67 -19.61 -8.22
16.06 -19.61 -14.21
6.37 -19.61 -1.39
12.33 -19.61 -1.19
5.15 -4.79 4.78
11.68 19.22 4.54
-0.10 15.92 9.27
3.21 -6.98 -1.04
-7.57 -17.61 -0.34
-2.85 -19.61 -1.13
-6.61 -19.61 -3.86
4.00 -19.61 0.32
-3.07 5.87 5.94
3.77 19.61 -14.13
1.02 19.61 1.36
1.21 -7.68 -2.41
-1.35 -19.61 -5.85
-5.36 -19.61 -6.61
-1.83 -19.61 9.84
-7.22 4.19 2.33
-10.92 19.61 1.02
-0.24 -14.89 -3.63
-7.15 -19.61 2.36
-0.06 -19.61 0.42
6.57 19.61 -19.61
-10.84 19.61 -8.21
-1.20 -2.32 -6.27
-5.24 -19.61 -10.02
-1.63 -19.61 -10.91
5.56 -19.61 -1.74
-4.72 17.29 -7.77
-14.63 19.61 -9.75
9.58 3.45 19.61
5.92 12.85 3.99
16.13 19.61 -19.61
6.89 13.08 19.61
12.94 19.61 -19.61
-9.44 19.61 -17.18
-12.84 19.61 0.71
-1.75 19.61 9.97
5.57 8.71 11.65
0.39 19.61 -1.79
-19.56 19.61 0.81
-1.36 -9.30 2.00
-4.83 -19.61 -4.81
-0.90 3.15 3.06
-2.88 -12.32 -2.26
4.14 -19.61 -7.25
-7.37 19.61 -0.17
-1.26 -19.61 -10.14
1.23 -19.61 -9.20
-1.79 12.65 -0.66
-0.32 -12.54 -9.03
-1.40 19.61 -6.82
-0.29 19.61 -7.51
-3.42 19.61 -4.53
1.97 19.61 -4.92
19.61 18.83 -12.65
7.27 19.61 3.20
6.10 10.26 16.70
11.80 7.36 0.32
8.10 9.50 6.21
5.73 19.61 7.04
13.29 19.61 -8.18
4.59 19.61 -5.57
-11.53 19.61 -1.22
0.61 19.61 1.25
3.46 -14.43 0.14
1.09 -19.61 -1.07
-4.37 -19.61 0.29
-6.00 -19.61 2.08
6.64 -19.61 -3.45
6.74 2.32 8.25
-0.02 19.61 -2.21
1.66 15.83 -4.30
0.23 -17.17 0.01
-8.37 -19.61 -1.16
5.01 -9.07 -0.72
-1.84 19.61 3.08
-0.99 16.31 -6.20
-0.14 -16.51 -2.80
0.09 -19.61 -2.83
-0.38 -19.61 -6.06
8.67 -19.61 -4.14
2.07 -9.47 3.86
-0.85 19.61 -2.30
6.78 -0.64 -3.70
-2.29 -17.67 4.06
1.59 -19.61 -6.37
-6.36 -19.61 -1.61
-1.76 -19.61 0.40
3.21 7.87 -1.88
0.91 19.61 -6.25
-7.77 19.61 0.70
-15.16 19.61 7.09
-6.30 -4.97 1.95
1.83 -19.61 0.90
7.52 -19.61 -6.58
1.74 -19.61 2.61
9.70 -19.61 -3.27
2.84 4.83 5.49
7.13 19.61 -6.87
-19.61 19.61 -2.71
-2.13 14.84 -1.21
-0.54 -18.72 5.42
1.70 -19.61 2.08
-2.61 -19.61 4.81
3.57 -17.38 -0.98
2.17 11.56 4.33
0.74 17.84 -0.58
-1.12 -16.71 0.75
-3.02 -19.61 2.77
1.64 -19.61 -3.12
5.37 -12.30 -0.45
4.01 19.61 -6.69
-1.38 19.61 -5.96
2.26 -0.60 -8.72
7.16 -19.61 -3.68
6.07 -19.61 2.43
3.71 6.12 6.36
7.33 19.61 -3.68
-12.67 19.61 5.88
0.57 -8.26 2.34
4.54 -19.61 4.73
1.53 -19.61 6.67
4.74 -19.61 0.09
3.40 3.29 -0.96
11.43 19.61 -6.22
-0.70 5.23 -1.28
-3.94 -19.61 1.44
-5.10 -19.61 2.42
0.03 -19.61 -3.23
3.06 -12.81 4.77
2.18 19.61 -5.26
-10.41 19.61 -0.79
-4.40 -8.47 -3.03
-3.52 -19.61 -1.15
4.88 -17.94 0.09
2.91 19.61 -3.28
-2.95 13.56 0.64
1.34 -19.14 -5.04
6.90 -19.61 -0.96
-0.58 19.61 1.66
1.44 7.47 0.91
-2.62 -19.61 -4.36
0.49 -19.61 0.07
2.95 4.82 4.67
3.74 19.61 -5.70
-0.23 -14.86 -5.63
-4.07 -19.61 -6.04
4.70 -2.20 1.24
-5.47 19.61 -1.83
-0.85 -12.60 -2.95
2.29 -19.61 -3.68
8.83 -19.61 -0.70
1.71 17.07 -0.78
0.70 19.61 -4.41
-1.58 16.68 -0.88
3.27 -19.61 -3.25
1.99 -19.61 2.50
3.54 6.43 4.54
-3.21 19.61 0.36
5.66 -16.77 -2.76
-1.92 -19.61 2.26
3.60 -19.61 3.15
0.89 6.40 5.04
3.05 19.61 -1.66
-3.65 7.08 1.57
-9.78 -7.37 3.56
-7.12 -19.61 4.49
2.18 -19.61 -2.59
6.35 -19.61 1.28
-0.58 11.44 -0.37
-13.28 19.61 -5.01
-17.05 19.61 9.31
-0.61 -12.59 -1.53
-2.58 -19.61 1.97
3.84 -19.61 -4.01
2.04 -19.61 1.32
1.05 12.90 -4.87
0.30 19.61 -18.66
-10.57 13.08 -2.36
-1.88 -15.22 -2.76
-3.90 -19.61 -0.83
2.21 -19.61 -5.46
6.06 1.46 2.82
7.11 19.61 -9.08
6.83 -9.96 -3.97
-5.92 -19.61 -0.40
4.58 -19.61 -2.06
-1.94 18.13 2.76
-0.92 19.61 -9.58
-4.15 -19.61 1.43
1.50 -12.64 -0.94
-3.17 19.61 -3.05
-0.41 0.78 -1.82
-1.23 -19.61 1.67
9.15 -19.61 -3.18
-4.11 15.38 2.94
-9.51 19.61 2.38
-5.30 2.60 -0.20
-1.00 -19.61 0.97
5.08 -19.61 0.25
-1.72 -2.86 4.77
1.62 19.61 -12.00
-6.01 10.96 -2.14
-2.36 -19.61 0.27
2.80 -19.61 -3.29
-1.83 17.15 0.18
-7.30 19.61 -4.74
-4.54 -8.15 -0.96
-0.15 -19.61 5.18
5.07 -19.61 -0.17
-4.84 19.61 -3.60
-8.81 19.61 -4.55
-3.57 -16.55 -0.44
-1.36 -19.61 3.71
7.17 -19.61 1.50
-0.59 -5.88 -4.63
-6.21 19.61 5.59
-5.18 -1.80 1.09
-4.64 -19.61 2.61
6.98 -19.61 -7.02
-8.22 19.61 -0.07
-11.32 19.61 3.13
-6.92 -15.00 2.95
0.59 -19.61 -0.56
2.15 -13.64 -1.21
-3.46 19.61 -6.03
-13.27 10.79 0.98
-7.65 -19.33 1.19
-4.49 -19.61 -5.74
12.97 -14.25 -19.61
2.90 19.61 -6.59
-9.13 19.61 4.15
-10.08 19.61 3.29
-6.09 -11.19 6.09
7.19 -19.61 -19.61
0.56 -18.68 -6.71
-5.19 1.68 6.43
1.97 19.61 -2.60
-2.55 7.01 -4.66
4.43 -19.61 -5.46
6.09 -19.61 -8.12
2.53 -7.41 2.38
-1.74 19.61 -1.44
-5.27 5.97 -0.40
-3.07 -19.61 -3.45
-0.98 -19.61 -4.52
4.68 19.61 -12.56
1.62 2.76 -4.51
-3.10 -19.61 3.32
3.11 -19.61 -1.61
2.77 19.61 -8.27
-1.69 -13.57 -1.93
-1.98 -19.61 -3.14
1.90 9.85 -1.45
-6.37 15.60 -2.14
-4.64 -19.61 0.39
1.56 -10.43 -3.45
-0.36 19.61 -10.75
-5.54 -10.03 -4.00
-0.01 -19.61 -5.72
-3.66 15.98 -2.79
1.74 -1.14 -5.29
-8.17 -19.61 -2.39
-1.68 2.55 -2.38
-5.58 15.40 -3.62
-2.07 -19.61 -1.44
0.65 4.37 -3.74
3.35 5.20 -9.61
-4.40 -19.61 -1.65
4.02 18.70 -11.89
-0.31 -12.31 -6.67
-2.29 -17.51 -2.57
-4.70 19.61 -5.92
-2.96 0.20 -0.53
-7.64 -19.61 -3.72
4.58 -2.23 -2.91
0.79 19.61 -4.80
-3.99 -12.23 -3.33
-3.43 -19.61 -4.75
-3.64 12.77 3.91
-5.58 6.28 -1.52
-0.83 -19.61 -4.97
0.74 0.29 -1.03
-3.18 17.95 -4.76
-3.70 -14.31 -3.86
6.21 -19.61 -5.98
-0.47 19.61 0.20
-0.28 12.55 -9.86
-1.10 -19.61 0.13
-2.60 -19.61 5.43
-0.17 15.38 -5.91
-11.63 16.99 -0.23
-2.05 -19.61 5.23
2.59 -19.61 2.97
2.80 -19.61 -0.06
6.74 -19.61 0.32
2.83 -19.61 -6.04
1.33 -19.61 3.89
3.64 -12.14 0.94
4.27 6.90 0.81
-5.31 19.61 3.77
-5.19 19.61 -7.58
-3.99 19.61 -5.15
-10.92 18.52 -0.95
-1.59 -12.27 -1.07
2.96 -19.61 -3.84
5.99 -19.61 -6.95
5.61 -19.61 0.82
0.88 -7.82 11.12
-1.02 19.61 -8.95
-7.93 19.61 -5.23
-4.37 13.03 -3.58
1.56 -19.61 -2.80
9.64 -19.61 -8.87
8.57 -19.61 2.85
0.58 15.15 -2.00
-3.19 19.61 -11.53
-9.81 0.25 -0.96
-3.45 -19.61 -0.11
5.10 12.61 -1.92
8.33 2.03 2.47
-6.10 -19.61 -1.37
7.18 -11.93 -4.26
-4.61 19.61 -5.50
-0.71 -10.77 -1.51
-1.48 -19.61 0.62
0.42 9.43 -2.86
-2.09 14.65 -3.46
0.14 -19.61 4.37
2.18 -3.62 -4.59
-2.16 19.61 -5.52
-2.89 -10.93 -3.68
-4.09 -19.61 -3.54
4.80 3.21 -6.30
0.12 17.77 -6.01
-11.10 -19.61 -0.03
1.85 -9.17 -7.42
4.38 19.61 -8.88
-7.25 4.87 1.31
-6.94 -19.61 -5.32
-0.67 0.01 -0.24
1.42 19.61 -3.79
-4.24 -12.14 -3.72
-4.91 -19.61 -6.60
1.08 4.46 -0.47
-2.89 10.14 0.48
-0.05 -19.61 3.17
2.32 -5.03 -4.33
-4.87 17.97 -1.96
-2.93 -14.30 -2.89
-0.80 -19.61 -6.16
3.86 11.36 -8.41
-2.51 9.78 -0.20
-2.74 -19.61 0.02
3.85 -14.65 -3.56
-2.35 19.61 -5.42
-0.73 -10.88 -2.88
-1.72 -19.61 5.31
2.43 5.80 -1.29
-2.30 3.22 0.33
-0.33 -19.61 -1.34
6.80 -19.61 -6.85
7.64 18.60 -12.82
-0.23 -9.90 4.87
0.59 -19.61 -4.37
-1.19 6.93 2.54
-0.63 -3.00 -2.22
-1.35 -19.61 3.36
6.23 -4.59 -5.10
-8.62 15.85 7.56
-2.66 -10.71 -1.00
-4.43 -19.61 7.79
3.53 10.30 -11.87
-1.95 11.10 0.86
-3.09 -19.61 1.30
-0.64 -10.00 -0.21
-3.23 19.61 -3.59
3.00 -9.67 -1.68
5.44 -19.61 -5.33
2.07 -19.61 5.97
-2.43 19.61 -2.36
-8.45 19.61 -0.42
-2.60 -0.70 1.40
-3.95 -19.61 3.43
-9.50 -19.61 5.10
-4.20 -19.61 2.68
-1.78 -19.61 3.26
1.68 -19.61 4.43
6.74 -19.61 -3.26
14.67 -19.61 -6.20
9.57 -19.61 -0.67
1.69 -4.71 7.33
2.55 19.61 -13.29
-9.99 19.61 1.70
-2.86 -6.34 -2.79
-7.38 -19.61 4.16
7.06 -19.61 -10.44
1.23 -16.77 -2.74
7.35 19.61 -13.35
-4.65 19.61 -2.79
-1.63 4.03 -4.87
-5.05 -19.61 -1.46
0.98 -19.61 2.27
1.54 -4.46 -2.55
-6.60 19.61 -2.18
-7.61 9.65 0.69
-2.72 -19.61 2.49
10.91 -18.72 -6.36
-2.14 19.61 -6.90
-6.08 18.78 -3.23
-3.71 -19.50 0.13
4.76 -19.61 -7.36
0.29 10.79 -3.64
-4.51 19.61 -1.45
-0.83 8.89 3.05
-7.75 -19.61 2.88
6.23 -19.61 -12.34
7.22 -19.61 5.04
2.40 -8.55 1.31
2.87 17.10 0.05
-3.96 19.61 1.94
-3.70 -11.84 4.13
-2.88 -19.61 -0.29
0.20 2.20 -3.63
-9.66 19.61 -3.67
-4.65 -5.25 -0.44
-5.38 -19.61 -3.26
5.59 1.57 -3.24
-7.88 19.61 -7.36
-5.29 -19.61 5.92
4.49 -19.61 -0.10
16.40 -19.61 -17.57
0.41 19.61 -19.61
-2.43 -12.84 -4.69
6.44 -19.61 -15.55
2.07 19.31 -6.59
-11.78 19.61 -2.62
1.97 0.83 6.02
-6.09 -19.61 -2.25
11.43 -6.43 -3.10
0.10 19.61 -4.97
0.96 -14.11 -2.08
-6.81 -19.61 -8.10
5.71 -7.16 -0.48
3.07 19.61 -4.53
-5.52 -10.06 -0.28
1.06 -19.61 -3.67
3.23 17.35 -3.36
5.35 6.88 -3.35
-5.31 -19.61 0.32
-0.78 -19.61 -1.10
3.19 -11.84 -2.16
6.77 19.61 -11.39
3.05 19.61 -0.30
-3.25 19.61 2.66
0.22 10.64 -0.76
-5.35 -11.29 1.08
-10.50 -19.61 -0.35
-5.14 -19.61 0.20
1.94 19.61 -12.83
-9.78 2.63 -1.96
-5.48 -5.05 -0.93
-3.39 -19.61 -4.45
4.71 -14.00 7.07
-5.10 19.61 -3.63
-12.33 3.50 -3.28
6.15 -19.61 -2.91
12.01 -19.61 -0.19
-3.11 19.61 -1.40
-7.63 19.61 -2.74
-5.87 -10.23 1.42
2.57 -19.61 0.29
4.82 -17.88 -1.55
5.55 19.61 -17.99
-4.84 14.61 -6.15
-6.47 -19.61 3.14
5.27 -19.61 -2.47
14.77 13.10 -9.62
-6.98 19.61 -3.70
-8.28 19.61 16.99
-5.56 -14.29 1.26
3.12 -19.61 2.88
8.71 -19.61 -7.01
1.70 -19.61 5.52
1.03 0.68 0.85
-0.75 19.61 -2.82
2.04 19.61 -9.00
2.48 19.61 -7.35
-5.73 19.61 -3.80
1.45 -4.53 -8.20
-4.10 -19.61 6.62
-4.97 -19.61 8.03
-6.43 -19.61 7.80
-7.38 -19.61 3.85
9.24 -19.61 -4.94
4.50 19.61 -10.16
-4.31 19.61 -12.07
-2.34 6.32 0.98
-5.73 -19.61 1.85
4.74 -19.61 -3.65
7.77 19.49 -11.14
-1.29 -8.10 -2.06
-5.09 -19.61 -3.50
5.74 -2.66 -6.16
0.22 19.61 -5.40
-11.97 -1.62 -0.41
1.06 -15.95 -6.84
-0.66 19.61 -7.29
-1.24 -17.17 -4.40
-1.27 -17.55 -4.49
-3.29 19.61 -7.08
-0.27 -12.10 -7.96
0.21 -19.61 -2.93
-1.12 18.92 -9.34
-4.84 -19.61 -3.06
-0.42 7.02 -1.50
-4.69 -8.17 -5.18
2.67 -0.32 -7.02
-7.37 -0.04 -3.95
-2.22 -19.61 -2.41
2.87 13.76 -7.43
-0.99 -11.24 -5.04
-0.59 -19.61 -2.71
-0.77 16.52 -1.66
-2.51 -3.41 -1.59
-3.92 -19.61 1.29
7.89 19.61 -14.64
-2.04 -7.22 1.54
-5.83 -19.61 -0.58
-2.39 19.61 -0.56
-2.13 -17.26 -1.05
-2.15 -16.48 0.44
-2.87 17.11 -1.84
-1.92 -19.61 -6.18
3.94 0.88 -0.44
1.82 -13.94 6.03
-0.23 -19.61 -4.88
-0.58 -4.02 0.77
-6.40 16.28 0.05
-0.97 -19.61 -1.99
0.22 2.15 -0.34
-1.95 2.77 -1.87
-2.77 -19.61 6.23
-2.38 19.61 -4.42
-2.46 -19.61 -5.59
-2.35 14.31 -2.47
-6.89 -6.38 -2.95
0.36 5.86 -2.40
-3.22 -7.22 3.19
-0.72 8.34 -2.03
-6.74 -12.09 -1.28
-1.42 3.98 -1.40
-4.33 -7.85 2.93
-3.73 -19.61 -0.89
-2.22 19.61 -6.56
-2.60 -19.61 -5.19
-1.73 19.61 -0.70
-3.05 -9.51 -0.11
1.28 -19.61 -5.44
-3.00 19.61 -4.25
-3.65 -12.80 -3.38
1.68 -8.68 -3.65
-6.08 15.65 -5.34
-2.74 -19.61 -2.94
-0.33 11.15 1.15
-1.12 -7.30 -5.17
3.12 -5.65 -4.06
-5.71 11.99 -2.77
0.32 -19.61 -2.90
-2.64 19.61 -4.22
-2.17 -19.61 -1.75
-0.87 7.45 0.72
1.21 -11.71 -3.87
4.70 -4.32 -3.49
-0.62 2.14 0.57
-4.10 -19.61 -6.96
2.98 19.61 -10.41
-0.78 -2.68 -0.20
-2.52 -19.61 -4.21
4.58 -19.61 -1.24
5.57 11.82 2.71
-5.39 19.61 11.82
-0.25 -12.75 -3.00
-9.21 -19.61 -4.19
4.11 -19.61 -18.41
17.83 -0.40 -5.50
1.94 19.61 -2.16
2.34 -12.54 1.28
-4.87 -19.61 -0.63
0.21 -19.61 -0.51
8.88 -5.70 9.27
6.64 19.61 -1.53
12.08 19.61 -12.28
0.27 19.61 0.87
7.41 12.93 6.38
-0.60 -4.21 0.45
-1.77 0.39 7.83
8.06 -14.35 4.65
3.40 -19.61 6.87
-2.65 2.85 0.88
-6.17 15.66 -3.10
