13.76 -14.70 -7.40
3.48 -1.66 -1.00
2.69 2.76 1.98
-6.80 -3.45 -18.85
10.09 -2.74 2.04
-15.01 -9.73 -16.03
4.24 0.30 -0.01
8.74 -9.54 4.97
8.89 -16.16 3.45
12.39 -14.33 -7.10
6.32 -7.31 -5.71
5.63 1.95 4.90
-19.06 -6.80 -19.61
-0.59 -1.40 -0.82
5.64 -1.15 1.67
-0.60 -12.00 -10.78
6.07 -0.93 -7.97
9.57 -18.42 4.10
12.10 -14.54 -4.87
8.07 -12.32 -7.16
7.59 2.70 6.64
-19.61 -10.03 -17.80
-1.84 0.04 -2.68
4.87 1.52 4.72
7.89 -17.66 -19.61
3.35 -8.71 -7.43
10.72 -9.05 6.86
12.38 -14.00 -0.71
7.42 -12.37 -6.50
5.24 2.11 3.47
-12.74 -0.29 -9.94
-4.95 -2.20 -8.46
3.25 0.64 8.18
7.11 -11.55 -16.01
14.07 -19.61 -15.61
5.36 -3.39 1.82
14.36 -11.28 7.44
9.86 -13.90 -4.58
3.36 -2.09 -0.03
3.12 -0.57 0.96
-8.81 -14.67 -19.61
1.17 1.26 2.82
-1.28 -7.90 -4.02
5.70 -9.39 -12.00
5.01 -4.86 1.98
14.03 -12.37 6.34
13.62 -11.49 -7.51
4.33 -2.33 -3.39
4.70 1.59 3.90
-10.22 -12.47 -19.61
1.09 2.16 1.66
3.03 -3.98 -0.39
-0.01 -11.06 -9.13
7.10 -2.42 3.16
13.58 -11.44 12.24
9.10 -11.91 -3.82
10.94 -7.53 -11.31
5.75 -1.06 6.56
-15.42 -8.94 -19.61
-2.12 0.62 -4.14
3.89 0.30 5.13
12.13 -17.12 -13.65
8.38 -7.50 1.49
13.60 -11.95 3.34
14.64 -13.18 -6.32
0.56 -3.59 -2.90
7.27 -1.79 4.59
-13.18 -12.03 -19.61
4.10 0.84 0.06
7.34 -5.73 0.07
10.55 -6.62 -19.61
3.23 -5.17 1.99
17.09 -5.13 5.61
13.40 -10.21 -2.43
-0.93 -3.20 -4.63
7.43 0.03 4.63
-9.37 -9.71 -19.61
3.92 -2.81 6.59
-4.79 -1.88 -14.94
1.72 -1.97 1.32
14.36 -0.89 -2.40
11.70 -9.10 14.71
16.75 -15.95 2.19
11.50 -8.60 -2.52
14.11 3.47 3.32
-16.64 -9.72 -19.61
0.58 -0.26 -3.38
3.71 -0.14 5.61
9.43 -12.91 -12.27
8.85 -14.54 -2.83
3.96 0.03 8.76
10.46 -10.38 3.02
17.49 -9.57 -2.91
3.18 -5.52 -5.21
12.61 -1.01 3.41
-11.22 -13.13 -19.61
5.91 0.58 6.08
8.09 -2.66 -2.11
0.17 -6.60 -7.73
3.70 -4.14 -2.77
9.72 -16.24 2.32
13.35 -9.61 -12.24
17.57 6.09 -2.23
-16.51 -10.40 -19.61
0.10 1.07 -0.54
8.42 -3.37 3.26
4.66 -17.15 -6.41
4.04 -9.15 4.77
18.57 -14.23 3.13
8.81 -11.13 -5.58
7.05 -2.36 1.21
-5.23 1.48 -6.78
-4.99 -2.52 -12.16
6.70 0.64 5.80
4.53 -8.85 -19.61
3.70 -9.99 -9.69
15.71 -19.61 1.38
15.95 -7.64 -13.79
5.36 -0.87 0.48
-0.49 -3.45 -2.95
-3.80 -0.95 -14.04
4.51 -0.56 4.06
6.09 -6.49 -15.55
6.71 -13.38 -11.44
7.50 -3.81 1.92
12.25 -18.81 0.40
10.74 -10.07 -9.02
4.93 -0.45 1.24
-4.20 -2.46 -6.03
-5.46 -1.35 -14.33
5.56 -1.73 3.17
-0.56 -6.50 -11.99
2.72 -14.37 -3.72
12.12 -13.34 2.43
12.47 -12.56 0.21
6.78 -10.24 -8.52
7.17 -1.14 4.71
-19.03 -7.72 -13.17
-2.99 0.74 -6.01
6.19 -3.18 3.70
5.25 -16.37 -13.96
3.91 -10.31 -1.94
12.05 -10.21 8.85
13.38 -16.69 -4.64
6.57 -0.03 -2.12
5.04 2.12 5.82
-15.17 -7.00 -19.61
5.32 0.25 1.95
-0.57 -4.64 -8.69
-0.22 -13.26 -10.27
6.70 -2.01 0.92
14.06 -9.27 5.03
17.46 -14.94 -11.83
1.17 -2.44 3.93
5.01 -0.81 2.98
-18.21 -16.63 -19.61
3.08 0.89 1.17
4.15 -7.18 -4.14
4.30 -9.68 -19.61
4.32 -3.86 1.16
18.40 -7.70 0.15
12.03 -11.06 -9.78
5.37 -3.15 1.07
-16.78 -4.26 -19.61
-2.03 1.15 -11.69
12.31 -0.02 6.20
-3.60 -12.68 -19.61
6.08 -6.59 -2.99
19.61 -19.61 7.32
18.24 -15.05 -7.54
4.00 0.67 0.62
-9.57 4.08 -16.32
-1.89 -1.30 -12.63
11.83 -1.19 5.69
6.43 -2.98 -19.61
1.72 -10.09 -1.95
11.83 -5.69 13.55
15.79 -14.83 -9.81
5.95 0.40 -1.53
6.62 -2.92 0.98
-3.96 -7.52 -17.48
13.03 1.67 1.98
7.92 -3.59 -19.61
6.06 -3.77 -19.61
9.65 -4.29 3.65
16.56 -9.69 -0.98
10.79 -3.71 -5.85
12.09 0.74 7.05
-12.18 -9.12 -19.61
3.28 1.86 2.46
3.24 -4.45 -4.81
-0.11 -9.50 -16.04
1.94 -3.10 0.64
18.29 -11.65 6.56
12.81 -11.11 -8.85
8.44 -3.35 5.84
-17.12 -3.10 -19.61
-2.97 -2.43 -8.21
9.02 0.40 4.98
3.88 -8.15 -19.61
2.04 -10.22 -6.68
12.34 -3.28 6.17
10.41 -8.86 0.02
8.19 -7.66 -4.05
9.04 3.72 7.74
-10.02 -7.73 -19.30
8.04 -0.29 5.42
4.00 -6.42 -3.43
3.10 -7.30 -19.61
8.72 -4.31 6.10
19.61 -8.92 1.47
11.21 -8.00 -2.90
6.41 0.66 7.98
-7.77 -19.61 -19.61
1.60 0.01 -0.84
2.19 -11.70 -5.55
-0.70 -16.57 -7.10
8.02 -6.78 0.70
10.71 -7.92 4.68
14.98 -8.81 -14.19
6.64 -1.69 -0.51
-2.42 -1.40 -9.14
-2.58 -5.20 -12.28
11.32 -3.15 4.02
6.83 -8.79 -19.61
-0.20 -15.57 9.97
15.36 -19.61 11.80
14.58 -12.94 -7.44
11.01 -0.74 6.16
-15.73 1.91 -19.61
-1.16 0.73 -6.88
6.55 -1.01 3.74
5.47 -11.47 -16.86
6.84 -9.52 1.91
16.76 -19.33 4.24
10.19 -7.36 -5.87
12.65 5.31 9.47
-5.45 1.39 -19.61
1.63 -2.07 -9.91
10.93 1.67 7.33
10.05 -13.68 -17.39
9.85 -5.76 2.26
11.91 -12.97 5.13
19.38 -9.43 -13.73
12.73 0.87 2.87
-11.83 -7.02 -19.61
5.06 0.90 6.46
6.52 -6.12 -7.36
0.19 -10.37 -12.50
9.39 -2.24 9.11
17.70 -12.52 -3.42
-0.69 -3.76 -3.97
11.12 1.33 4.20
-11.33 -8.57 -19.61
8.68 0.36 4.84
4.19 -8.46 -8.39
11.04 -15.86 -11.78
19.61 -15.77 5.04
10.15 -8.62 -3.69
6.05 -3.09 2.46
-7.02 0.25 -8.90
-4.86 -3.93 -14.49
11.68 -0.52 3.09
0.33 -8.75 -19.61
5.67 -11.91 0.49
14.24 -10.31 10.62
13.30 -12.27 -4.23
6.96 -1.94 3.29
-9.10 1.03 -9.88
-0.36 -0.58 -7.79
8.41 -1.37 -0.29
2.19 -11.41 -15.58
6.72 -5.88 2.38
13.44 -13.65 8.40
11.84 -12.46 -7.87
5.46 -1.49 1.89
-3.54 -3.59 -1.66
-5.98 -2.72 -16.82
10.34 0.28 3.81
5.78 -11.90 -19.61
-0.84 -9.73 8.66
16.99 -16.57 6.23
8.69 -10.64 -4.36
3.39 -1.58 0.64
-2.09 -1.55 3.08
-5.43 -4.60 -17.75
12.09 1.45 4.12
8.21 -10.28 -19.61
6.98 -12.77 -0.62
11.95 -11.26 6.47
16.62 -12.49 -5.67
4.97 -1.85 -2.99
6.29 0.20 3.33
-13.33 -10.39 -19.61
10.79 3.67 6.81
6.80 -5.27 -19.50
3.37 -13.55 -5.63
16.28 -14.14 19.61
17.32 -15.00 -5.62
1.09 -4.98 -6.90
10.55 2.92 5.82
-19.61 -12.80 -19.61
2.09 -1.63 -5.67
4.92 -1.88 0.47
9.14 -17.63 -8.76
0.99 -7.64 5.00
14.62 -7.76 2.35
13.21 -12.14 -0.78
-0.87 -1.71 -5.31
7.65 0.34 1.60
-15.29 -9.25 -19.61
12.26 3.77 6.85
4.56 -12.26 -19.61
5.63 -16.41 -9.00
10.33 -11.89 2.97
14.85 -14.67 -9.18
14.35 0.73 1.42
-6.27 -3.48 -5.05
-10.24 -4.67 -11.63
11.25 -1.38 1.67
4.21 -6.94 -16.27
6.71 -8.70 -9.25
16.27 -19.43 12.01
9.43 -6.56 -6.65
4.59 -2.35 1.10
-14.85 -4.73 -5.23
-10.13 -2.04 -7.53
7.66 -1.59 1.04
4.33 -4.78 -12.76
2.47 -12.23 -5.68
19.61 -3.55 5.58
10.97 -8.69 -2.66
1.53 -1.59 0.44
-0.03 -1.59 -0.08
-9.81 -1.57 -16.80
4.85 -1.23 5.02
6.47 -3.43 -11.17
7.53 -14.02 -8.34
12.65 -19.16 12.12
12.17 -10.20 1.25
1.45 -6.89 -5.51
9.15 0.23 0.14
-19.61 -6.69 -19.61
1.06 1.56 -1.66
5.62 -2.22 0.63
5.53 -12.33 -12.22
13.66 -3.06 2.64
16.64 -7.98 2.80
11.04 -13.56 -5.83
2.03 -3.59 -2.48
4.88 0.07 1.92
-9.39 -7.57 -19.61
6.54 0.44 5.25
8.04 -2.60 -1.28
14.57 -19.61 -19.61
3.37 -0.90 -0.51
17.63 -7.98 9.09
9.63 -10.19 -6.75
4.53 -0.62 1.35
-1.43 -1.80 2.73
-8.63 -5.24 -17.40
4.77 0.87 3.55
-0.80 -2.85 -5.31
4.10 -6.75 -16.63
2.84 0.87 2.36
12.46 -8.57 5.53
9.06 -9.69 -7.47
5.49 -1.26 -2.85
-2.54 -0.56 2.70
-3.52 -5.02 -16.02
7.91 0.47 4.39
1.62 -9.14 -15.81
3.56 -11.21 -3.77
5.68 -3.57 7.88
15.40 -11.87 -3.21
6.55 -7.53 -8.46
10.21 1.57 1.68
-17.61 -6.96 -19.61
1.22 0.36 -1.26
4.01 -4.35 2.18
2.19 -10.84 -8.28
1.89 -7.77 4.49
11.48 -11.27 8.32
14.99 -15.13 -8.25
3.54 -0.65 -0.36
1.55 -1.20 2.57
-11.53 -9.55 -18.02
12.47 1.01 1.94
1.47 -7.78 -14.20
0.33 -12.72 -3.76
5.23 1.98 7.97
12.29 -3.91 3.16
5.32 -13.38 -13.87
8.76 -1.30 3.89
-19.61 -3.72 -11.95
-5.25 -1.30 -5.22
7.83 -1.73 2.82
8.78 -16.65 -19.61
6.00 -10.07 -3.39
19.61 -7.58 16.05
14.93 -12.14 -10.90
4.92 -1.32 -1.09
0.88 -0.93 -1.52
-7.51 -5.86 -9.46
1.02 -1.45 1.66
5.80 -7.28 -3.12
13.25 -19.49 -14.15
12.50 -2.84 8.62
17.39 -5.44 -1.64
9.98 -11.60 -4.49
8.77 2.36 0.55
-14.95 -16.68 -19.61
-2.08 -0.02 -0.98
6.10 -1.79 2.50
10.36 -12.87 -13.57
2.05 -5.64 1.81
18.01 -4.60 8.08
16.20 -12.94 -9.33
4.04 -2.05 0.74
4.14 -1.38 2.18
-7.20 -8.15 -19.61
4.63 0.36 -1.71
3.68 -5.34 -4.42
2.21 -12.42 -11.24
5.18 -2.74 1.83
14.12 -18.82 -0.57
11.49 -9.69 -9.83
6.06 0.77 3.88
-10.25 -4.54 -13.90
-5.21 -4.33 -9.97
9.19 0.18 6.15
-1.26 -9.34 -19.61
0.12 -6.33 -8.39
6.60 -0.03 4.89
19.61 -16.90 7.29
14.33 -8.81 -6.82
4.78 -1.83 -0.99
-2.04 -2.41 0.39
-5.27 -4.47 -12.43
3.27 0.49 3.27
9.74 -4.93 -16.25
3.83 -18.48 -9.86
7.31 -6.47 5.44
15.72 -13.74 4.19
10.85 -8.08 -7.28
1.08 -0.43 1.20
-1.35 -2.54 1.45
-6.90 -5.14 -16.23
5.77 0.94 5.83
7.62 -4.23 -19.32
2.15 -13.51 -16.15
18.26 -5.37 12.48
17.16 -5.58 -4.02
7.20 -9.17 -6.89
7.89 0.59 4.80
-17.55 -14.09 -19.61
-0.39 1.48 -0.61
4.13 -5.79 1.48
7.94 -12.01 -7.00
2.55 -5.55 2.36
13.52 -5.40 5.02
12.79 -10.00 -6.64
4.35 -0.81 -2.36
4.76 -1.64 1.96
-10.20 -13.11 -19.61
6.74 -1.02 3.74
1.21 -5.86 -9.76
3.92 -13.01 -17.53
8.23 0.28 3.83
16.06 -13.81 4.09
12.06 -11.47 -10.10
7.23 -0.20 0.59
3.81 -2.52 0.07
-2.38 -9.71 -15.27
9.18 -0.04 5.62
7.24 -7.05 -19.61
0.26 -7.64 -3.73
15.59 -3.18 10.62
19.11 -5.19 -1.68
7.36 -6.08 -7.16
8.52 -0.63 5.96
-16.11 -2.29 -19.61
-3.70 1.36 -8.41
7.71 -1.67 3.15
5.47 -6.81 -11.95
4.34 -6.70 -6.55
19.61 -11.50 14.07
15.48 -9.37 -3.33
3.99 -7.71 -4.50
11.54 0.78 1.22
-19.14 -5.21 -19.61
-1.56 2.79 -3.42
10.12 -2.27 0.66
7.66 -10.02 -17.42
1.97 -3.25 -5.33
18.99 -7.82 19.61
18.63 -16.45 -5.91
2.63 -3.66 -2.63
9.19 -0.99 1.98
-10.37 -13.51 -19.61
2.95 1.72 0.77
3.87 -9.32 -5.69
1.02 -14.18 -11.61
2.09 -2.16 5.24
19.61 -14.73 5.76
13.21 -11.01 -11.14
5.95 0.07 2.14
-7.14 0.83 -4.27
-7.12 -1.92 -13.12
8.88 0.50 6.47
4.86 1.34 -19.61
6.79 -12.80 -5.25
19.26 -5.43 4.74
18.22 -11.60 -4.45
4.96 -6.45 -4.68
10.87 4.06 3.14
-8.32 -4.78 -19.61
5.13 0.56 -1.99
3.84 -6.41 -0.97
2.00 -9.47 -17.90
3.17 -6.35 1.21
14.84 -13.43 6.63
9.64 -8.52 -3.88
2.14 -2.76 -1.39
5.73 -3.03 2.06
-5.84 -5.42 -19.61
5.17 1.63 7.96
3.40 -4.62 -18.33
0.45 -8.64 -4.85
11.86 -11.31 10.94
18.84 -10.49 -6.52
8.38 -5.10 1.59
11.29 0.24 1.65
-12.13 -11.87 -19.61
5.75 -1.91 3.22
5.69 -6.15 -7.94
7.73 -18.34 -15.01
17.63 -19.61 4.95
12.20 -6.97 -5.70
3.81 -1.31 -3.61
3.39 -0.34 1.62
-5.85 -4.87 -19.61
8.45 -1.02 5.55
2.62 -5.21 -15.20
3.61 -17.76 -3.57
19.61 -12.99 11.54
9.42 -13.02 0.94
4.08 -11.39 -4.48
8.48 1.28 6.68
-10.78 -12.22 -19.61
0.22 0.38 -6.72
6.39 -1.47 4.10
2.53 -16.84 -17.84
4.15 -9.56 0.49
18.87 -11.24 9.84
13.18 -14.33 -8.63
4.40 -0.46 -2.10
1.64 -0.23 -0.57
-9.02 -6.69 -12.34
3.35 -1.21 1.23
2.21 -7.58 -6.78
1.29 -15.20 -16.11
2.00 -1.26 0.91
18.34 -15.98 0.67
6.74 -9.75 -6.39
5.95 -2.20 2.73
-15.28 -7.45 -13.34
-2.94 -0.47 -6.08
8.04 0.23 2.04
3.75 -15.66 -16.33
-0.83 -6.42 0.90
19.61 -15.16 9.83
12.85 -14.80 -8.90
2.09 -1.98 -0.27
4.13 -1.49 -1.48
-9.22 -7.65 -17.00
6.20 -0.06 5.64
1.93 -4.36 -10.40
4.32 -14.38 -15.46
7.77 -5.38 5.22
15.01 -11.22 5.80
6.73 -8.56 -1.43
3.47 0.02 1.97
-9.33 -13.16 -16.10
2.84 -0.98 0.25
2.80 -6.05 -1.62
2.92 -11.98 -4.23
11.64 -3.82 -0.47
13.58 -10.79 3.06
8.45 -9.57 -5.36
10.19 3.32 7.59
-17.61 -3.84 -19.61
-2.75 -0.03 -7.25
6.91 -1.14 1.27
0.95 -9.23 -13.55
5.71 -4.73 -7.28
16.25 -13.92 3.91
13.36 -13.89 -9.30
3.77 -1.17 1.53
-1.08 -2.25 -1.01
-5.97 -3.30 -15.41
6.03 1.06 3.73
-1.08 -4.68 -7.43
-0.14 -8.57 -9.63
5.23 -3.35 1.22
17.60 -19.61 7.15
10.08 -11.33 -6.99
7.60 0.49 0.94
-10.69 -3.36 -7.49
-6.38 -4.47 -13.05
5.67 1.31 3.03
-1.15 -6.40 -17.20
2.22 -11.62 -18.15
7.52 -1.68 5.69
19.61 -15.38 6.62
9.46 -9.38 -5.67
4.21 -1.20 4.31
-12.39 -2.33 -9.70
-5.78 -4.25 -12.48
12.74 0.08 0.58
-5.61 -10.24 -19.61
-0.38 -4.36 -8.52
12.00 -2.95 9.25
19.32 -8.15 -3.10
8.42 -7.42 -5.26
11.71 0.34 3.23
-15.30 -16.45 -19.61
0.85 2.64 -3.64
7.00 -2.39 1.43
5.52 -13.36 -19.61
2.23 -5.86 -1.36
19.61 -2.55 -0.77
14.64 -11.02 -11.73
2.05 -2.20 -3.40
5.90 -0.58 2.63
-5.64 -11.35 -19.61
2.25 0.75 2.74
3.23 -6.62 -2.99
1.63 -14.25 -6.57
7.32 0.38 6.08
19.61 -11.01 1.68
5.85 -10.52 -6.23
10.87 -0.89 4.24
-14.72 -1.22 -11.85
-8.41 -3.81 -15.28
11.66 0.69 8.07
5.84 -4.81 -19.61
-0.35 -7.46 -9.97
17.33 -10.44 18.95
19.61 -17.32 -6.41
3.56 -1.88 -3.07
5.47 -0.88 4.43
-10.97 -12.20 -19.61
6.79 1.93 3.32
1.91 -4.05 -13.59
1.38 -11.95 -5.15
19.61 -9.59 17.47
19.61 -17.61 -5.53
6.03 -2.40 -1.96
3.70 -1.20 2.06
-7.46 -5.20 -18.82
8.73 -0.85 4.79
0.23 -5.35 -16.59
1.78 -4.08 -10.03
3.97 0.11 -1.67
14.82 -17.31 6.19
14.81 -11.45 -6.21
7.28 0.60 2.04
0.83 2.52 -11.67
-1.13 -7.91 -18.57
5.58 -0.07 1.13
7.97 -5.82 -1.04
-1.22 -16.67 -15.87
4.22 -3.05 0.17
19.61 -5.49 1.61
15.15 -13.78 -8.88
2.97 0.41 0.65
3.01 -1.97 2.06
-7.19 -6.97 -19.61
4.57 -5.72 8.09
4.08 -3.89 -2.81
0.36 -13.43 -12.18
3.99 -3.33 2.61
16.83 -8.24 6.04
12.43 -11.96 -7.07
2.24 -3.07 -2.52
4.81 -0.50 3.31
-8.53 -15.88 -19.61
1.71 0.85 -0.77
7.38 -1.83 0.06
4.70 -9.99 -19.61
-3.67 -2.53 -0.56
19.61 -12.62 -0.37
17.63 -5.88 -1.38
0.61 -7.52 -4.69
12.41 1.65 -2.40
-10.41 -11.18 -19.61
-0.48 0.08 -0.64
6.22 -2.26 1.37
4.69 -8.96 -19.61
-4.99 -5.82 -1.99
16.57 -16.16 10.86
17.01 -7.46 -4.00
6.26 -9.31 -6.62
6.01 -3.65 2.46
-11.50 -1.93 -10.17
-5.37 -3.65 -10.62
11.95 -0.65 -5.52
0.17 -12.46 -16.15
1.44 -7.54 1.49
9.67 -1.25 10.14
11.03 -13.65 -2.57
7.31 -6.67 -2.66
5.37 0.90 2.35
-8.10 -11.65 -19.61
0.83 -2.26 1.11
2.94 -3.49 0.60
-0.99 -8.20 -12.40
3.18 -5.98 -1.14
18.06 -6.79 6.74
11.36 -12.82 -2.13
2.99 -1.41 -2.27
6.66 -0.36 -0.80
-10.65 -14.39 -19.61
-0.42 1.48 -2.76
6.63 -2.31 0.59
-5.15 -10.94 -10.45
4.41 -6.01 -6.67
15.35 -9.25 12.04
16.95 -12.49 -3.81
4.84 -3.99 -3.12
6.57 -0.59 4.73
-6.45 -9.70 -19.61
-4.63 -2.13 -14.10
8.26 -3.48 5.08
2.46 -3.21 -12.41
-1.62 -10.32 -11.90
4.40 -0.72 2.14
14.10 -9.58 1.21
5.20 -13.53 -4.65
1.26 -0.57 0.10
-2.50 -2.93 2.57
-7.23 -3.00 -14.87
5.55 -1.09 -0.41
-2.57 -3.49 -11.52
-0.51 -5.99 -15.46
9.26 -0.32 -3.22
16.81 -9.67 -5.69
6.89 -9.58 -3.15
8.81 -2.38 1.26
-14.33 -9.79 -19.61
-0.41 -0.84 -7.80
8.08 -1.81 3.21
0.79 -9.66 -11.56
10.74 -3.68 -2.01
8.84 -17.69 13.59
13.79 -11.87 -8.23
6.58 -0.45 2.06
-6.85 -0.55 -6.83
-8.71 -0.02 -13.03
8.60 -1.32 -0.34
-14.26 -5.87 -19.61
3.25 2.71 -3.86
11.69 4.07 0.57
12.11 -13.59 0.26
7.48 -10.17 -9.04
7.93 -4.05 8.57
-19.61 -1.72 -15.56
-5.60 0.40 -5.95
5.13 -0.28 4.52
-5.70 -8.82 -19.61
2.66 -7.20 -5.60
4.07 -3.06 1.90
19.61 -14.77 14.49
15.39 -19.61 -5.75
9.88 -0.58 -1.39
3.05 -1.45 3.67
-0.99 -0.97 -19.59
5.61 -1.13 1.91
3.77 -7.31 -8.61
-3.91 -6.72 -6.97
7.66 -0.96 11.58
19.61 -7.10 1.86
6.70 -12.36 -4.55
11.52 -1.51 4.51
-19.61 -4.67 -19.61
-5.63 -0.92 -13.08
9.72 -0.88 3.99
6.02 -0.42 -19.61
-2.38 -2.67 -6.98
17.00 -12.87 14.02
16.98 -15.93 -5.54
5.17 -1.51 -1.12
5.60 -0.12 3.15
-9.65 -19.61 -19.61
2.64 1.58 -1.28
5.02 -2.60 0.01
-0.98 -11.36 -12.75
-0.67 0.04 -1.48
12.87 0.64 16.01
16.56 -9.14 4.19
5.89 -10.63 -2.78
9.37 0.69 1.32
-15.89 -15.63 -19.61
-0.25 -0.25 -2.56
2.96 -1.41 4.76
0.99 -13.78 -10.92
-0.44 -3.28 -2.68
16.93 0.08 12.68
19.61 -10.07 -6.12
6.49 -7.16 -2.50
11.83 0.37 5.17
-15.95 -14.92 -19.61
-0.35 2.60 -0.61
6.32 -2.28 1.03
-0.30 -11.52 -13.09
1.82 -4.29 -4.33
19.61 -1.38 2.37
16.13 -13.49 -0.90
3.69 -6.36 -2.66
5.69 -1.36 3.62
-19.61 -16.93 -19.61
-1.04 1.43 -2.64
4.44 -0.25 3.42
3.67 -15.97 -16.59
1.08 -2.14 -9.21
18.28 -2.76 13.43
13.46 -10.01 -2.23
3.97 -9.91 -5.92
8.93 0.64 4.60
-19.61 -9.91 -19.61
0.38 0.96 -1.62
7.40 -2.36 1.72
0.29 -9.44 -19.61
-0.68 -0.40 -8.89
19.61 -16.90 18.01
13.77 -9.42 0.22
0.01 -5.66 -3.60
10.62 -1.13 5.90
-15.54 -6.42 -19.61
1.42 2.69 -2.93
9.34 -3.13 1.26
2.93 -3.86 -19.61
-2.36 -1.34 -3.62
19.61 -2.87 6.14
13.91 -12.82 -1.87
1.24 -1.26 0.62
1.68 0.29 0.40
-5.40 -3.33 -14.79
15.88 -4.31 -12.56
3.68 -8.86 -9.10
-4.25 -7.88 -5.59
16.43 -6.89 4.84
18.25 -10.88 -4.52
2.71 -9.78 -3.37
15.86 1.96 0.89
-19.61 -13.72 -19.61
-1.08 4.57 1.76
-1.59 -5.93 -6.22
-1.64 -6.86 -2.33
1.18 -2.94 -5.81
19.61 -8.11 3.77
16.41 -11.51 -5.03
2.46 -5.09 -3.85
11.53 2.37 3.38
-5.70 0.95 -19.61
6.26 0.93 9.89
-13.53 -3.91 -19.61
0.85 -0.19 -0.98
1.66 -3.96 -0.93
16.86 -15.66 6.25
9.85 -14.40 -5.24
0.79 -1.55 -3.42
8.01 -0.64 2.40
-6.45 -9.71 -19.61
2.18 0.72 -0.64
8.37 -2.10 0.83
-4.39 -10.55 -19.61
0.26 -0.23 -3.26
19.61 -19.61 19.61
15.81 -12.14 -4.47
2.46 -7.04 -6.19
10.27 -0.36 9.92
-14.90 -4.81 -19.61
-0.77 -1.09 -9.79
10.67 -0.11 0.67
-6.07 -4.70 -19.09
0.36 1.93 -2.51
19.61 -3.51 4.60
10.70 -14.82 -1.66
4.37 -8.72 -4.10
5.89 0.33 8.17
-17.63 -4.58 -19.61
-5.97 -5.87 -12.66
11.58 -1.98 5.05
-7.65 -11.24 -19.61
1.60 -2.21 -7.72
19.61 -13.75 13.90
13.75 -9.70 0.00
8.90 -13.56 -8.67
9.39 2.26 7.45
-12.16 -7.58 -19.61
-1.90 -1.42 -6.36
10.64 -0.63 5.69
-1.64 -13.30 -14.28
3.59 -6.97 -0.74
11.72 -6.96 14.64
15.15 -9.34 -0.96
8.27 -10.83 -8.10
15.47 -0.12 2.12
-19.61 -12.11 -19.61
-7.19 0.42 -12.17
9.84 -2.38 5.24
0.14 -15.27 -19.61
1.98 -1.27 -13.52
19.61 4.75 2.31
17.55 -12.23 -2.02
3.10 -2.85 -1.01
7.20 0.56 1.68
-5.92 -7.62 -19.61
6.39 -2.69 1.62
2.07 -7.15 -0.08
-1.20 -11.21 -0.89
7.56 -3.58 1.67
15.94 -16.52 7.46
12.88 -15.58 -7.38
12.29 -0.22 7.50
-15.16 -3.11 -19.61
-4.84 -4.32 -9.87
11.02 -2.30 4.40
1.60 -7.50 -19.61
-1.80 -11.43 -6.09
19.61 -5.98 -0.05
11.00 -7.80 0.17
0.08 -5.22 -1.99
8.30 -2.60 6.27
-7.21 -10.50 -19.61
5.97 -0.77 4.77
-4.08 -10.06 -13.22
-3.34 -11.24 -7.32
4.62 -0.61 4.45
15.90 -11.14 1.75
8.10 -16.58 -7.36
12.67 1.36 5.23
-13.05 -1.94 -17.47
-6.91 -3.02 -11.08
8.89 -3.62 -0.28
1.51 -6.35 -18.54
-5.97 -10.02 1.67
13.46 -11.80 14.40
14.35 -9.44 -4.06
4.83 -10.29 -5.35
5.29 0.69 3.12
-11.88 -6.75 -17.00
-4.65 -3.09 -8.92
4.94 -2.97 4.41
2.71 -8.57 -12.32
2.66 -5.88 -3.39
16.87 -9.52 8.01
11.15 -12.86 2.06
3.51 -4.66 -0.02
6.20 -1.03 3.01
-12.58 -12.75 -17.63
2.42 -1.04 1.74
3.36 -6.18 -5.08
3.59 -15.09 -2.95
13.53 -7.60 14.14
16.05 -6.23 -7.02
6.84 -14.55 -8.31
4.74 -1.47 4.02
1.72 -1.06 2.69
-10.49 -4.00 -19.61
2.13 -4.81 -3.85
8.27 -11.24 -0.22
9.02 -9.15 3.62
12.43 -9.29 4.24
11.05 -11.17 -5.60
4.63 -6.39 -8.12
1.92 -1.09 2.80
-2.36 -1.43 -1.17
-11.11 -8.55 -19.09
0.34 0.86 0.94
4.92 0.95 4.75
6.03 -15.52 -19.61
6.15 -7.30 -8.36
6.22 -3.33 0.85
17.71 -7.50 12.53
9.04 -9.60 -2.12
4.53 -9.10 -10.13
1.51 -1.09 -0.27
1.00 -0.28 0.48
-15.63 -10.59 -13.35
-2.34 0.16 1.54
4.57 -3.07 2.97
-0.40 -8.70 -18.91
6.99 -8.26 3.72
8.10 -6.23 3.11
9.10 -6.78 2.64
6.68 -9.52 -3.79
3.88 -7.98 -11.13
-0.74 -1.99 -6.46
3.34 -0.38 0.09
-17.83 -9.12 -19.41
-9.30 -1.33 -6.08
7.40 0.71 2.96
-12.18 -3.06 -18.07
-0.48 -3.74 -5.30
7.27 -5.15 1.18
13.44 -3.64 6.89
11.68 -8.89 4.59
11.35 -12.05 -8.71
1.65 -3.91 -6.42
2.87 -0.38 3.99
-15.86 -3.26 -15.81
-6.92 -2.00 -10.47
10.57 0.86 3.09
-2.58 -5.28 -19.61
6.13 -15.34 -12.26
8.21 -2.84 3.64
11.99 -9.03 12.14
12.45 -11.49 -14.91
0.99 -3.66 -6.46
7.98 1.22 3.51
-19.61 -12.78 -19.61
9.55 3.50 2.84
-17.14 2.26 -17.57
3.43 -2.66 -5.46
2.76 -8.92 -3.03
9.55 -15.08 4.16
11.08 -2.23 7.66
11.43 -16.49 -5.75
8.14 -11.04 -11.17
15.29 3.03 3.53
-19.61 -9.17 -19.61
8.68 0.70 1.12
-9.45 -0.83 -19.61
0.51 -5.13 -3.62
2.32 -5.20 -1.11
7.89 -6.29 6.69
10.93 -3.33 5.59
11.23 -15.19 -2.26
12.76 -13.14 -10.39
0.21 -2.24 -0.44
3.05 0.03 3.31
-13.19 -4.61 -13.47
-9.83 -5.06 -12.49
13.56 1.10 -0.27
-1.30 -6.51 -16.66
-0.00 -5.79 -10.03
5.87 -6.33 4.08
12.15 -1.24 6.21
12.56 -0.91 7.94
18.00 -14.78 -14.38
3.46 -4.17 -7.40
10.15 -1.32 6.35
-19.61 -8.44 -19.61
-7.02 -0.85 -7.74
11.77 0.79 2.64
-11.55 -3.00 -19.61
0.08 -3.51 -8.54
8.87 -9.45 8.03
5.98 -0.85 6.20
11.38 -12.81 -2.50
11.29 -10.46 -6.18
14.95 0.88 4.49
-16.70 -3.86 -18.35
-1.82 -1.82 -5.67
6.44 -2.31 0.02
-9.84 -14.34 -15.26
0.97 1.69 -0.54
6.93 -10.33 4.28
19.61 -10.31 6.81
11.96 -17.77 -3.29
6.43 -5.27 -8.44
11.85 6.08 4.43
-19.08 -15.03 -19.61
5.24 1.77 2.68
-7.57 -9.66 -16.71
-0.31 -0.41 -5.82
7.25 -12.11 0.49
11.58 -0.38 4.78
9.85 -13.29 -0.36
8.74 -10.31 -9.24
16.85 1.43 2.47
-19.14 -5.29 -19.61
-2.29 -0.24 -10.67
2.97 -5.07 -3.49
-1.85 -5.64 -9.56
3.73 -4.04 -1.64
19.61 -12.71 11.06
13.63 -13.06 -9.45
6.68 -7.09 -8.76
16.62 2.31 3.35
-19.61 -17.34 -19.61
7.42 4.27 4.75
-13.52 -3.52 -19.61
1.64 -1.43 -7.76
9.40 -6.17 6.11
13.88 -10.82 2.43
10.59 -17.50 -7.08
4.21 -7.31 -7.38
17.56 1.53 1.83
-19.61 -8.44 -19.61
3.92 0.34 0.20
-7.35 -5.37 -15.76
-1.59 -3.54 -4.33
7.89 -10.72 1.13
13.28 -6.45 7.21
13.25 -13.32 -2.28
6.96 -11.64 -6.81
14.52 -0.81 4.93
-19.61 -14.03 -19.61
11.48 6.81 7.06
-12.22 -4.44 -19.45
-2.12 -2.08 -3.03
5.92 -6.43 -2.91
18.45 -12.31 5.51
11.55 -14.09 -4.53
8.01 -8.25 -17.15
19.61 -0.99 5.22
-19.61 -17.34 -19.61
5.48 3.04 -3.47
3.76 -6.45 -15.16
-1.17 -4.98 -4.84
8.09 -6.24 3.34
13.97 -13.50 5.15
11.48 -18.01 -15.12
9.85 -0.74 2.68
-7.09 -2.69 -14.50
-16.50 1.22 -19.61
16.98 -4.83 -4.86
-5.22 -8.96 -12.04
0.43 -0.22 -7.53
8.42 -6.03 5.90
17.94 -10.70 4.48
14.56 -12.60 -9.17
3.88 -4.05 -5.73
5.43 -1.34 -0.47
-14.31 -6.96 -14.00
19.61 -3.24 -3.57
-3.43 -7.19 -19.61
3.49 -6.20 -9.32
7.60 -1.43 4.44
10.26 -12.69 2.54
16.60 -15.60 -15.12
3.17 -0.83 0.60
3.52 -1.09 2.40
-15.49 -10.11 -19.61
1.28 0.59 -0.53
1.59 -6.79 -1.68
-3.40 -6.68 -9.65
2.87 -7.48 -6.85
8.63 -4.80 3.07
9.96 -5.42 5.02
8.67 -7.58 5.04
11.31 -15.78 -6.10
0.63 -4.77 -4.91
-0.68 3.50 6.52
-7.52 -2.94 -9.13
-8.38 -2.29 -11.92
3.55 1.91 5.70
-0.75 -3.34 -16.68
-0.57 -5.71 -11.61
2.68 -5.21 -0.77
11.15 -4.09 3.57
8.66 -10.10 2.98
13.52 -14.49 -11.95
0.89 -1.41 0.59
4.29 -0.12 3.80
-17.68 -19.61 -18.85
-3.84 1.89 -2.80
7.10 -1.62 1.36
-4.96 -10.90 -15.63
-0.91 -4.03 -3.90
7.63 -9.12 2.14
16.27 -9.01 11.92
11.59 -16.21 -5.98
4.07 -4.73 -6.64
9.41 -3.03 1.53
-14.21 -3.07 -13.09
-10.19 -3.40 -13.49
12.50 1.93 5.56
3.01 -1.51 -19.61
-1.11 -3.82 -7.17
2.43 -3.45 -1.70
9.94 -3.63 2.06
10.29 -9.94 2.99
15.48 -13.02 -10.76
5.89 -1.41 -2.00
4.62 -2.33 -6.61
-17.68 -6.55 -19.61
19.61 0.05 5.47
2.51 -5.32 -19.61
5.19 -7.46 -9.30
7.53 -1.94 2.67
11.78 -16.20 4.04
16.95 -14.70 -10.54
12.55 1.84 7.28
-11.08 -7.66 -19.61
-3.92 0.97 -15.30
12.19 -5.80 -10.83
0.53 -6.08 -15.37
7.45 -7.44 -3.07
10.73 -5.81 9.35
10.39 -13.82 -3.65
4.57 -7.55 -5.10
12.06 1.19 7.10
-19.61 -9.42 -19.61
19.61 7.64 7.98
-1.11 -7.97 -14.94
4.28 -8.06 -10.67
12.85 -8.85 7.82
16.29 -10.51 -12.02
6.26 -2.27 -2.13
1.75 -0.64 2.66
-10.93 -5.70 -12.50
14.53 2.27 10.70
3.82 -15.15 -19.61
-4.56 -4.03 0.28
11.51 -7.79 6.57
14.79 -15.29 -1.55
8.48 -9.13 -6.49
16.72 0.10 4.78
-19.61 -16.70 -19.61
18.22 5.46 7.34
4.91 -11.74 -19.61
0.41 -11.99 -7.75
7.73 -5.19 4.39
12.73 -17.25 0.03
10.87 -14.91 -12.35
19.61 -0.95 9.86
-19.61 -12.82 -19.61
5.13 2.69 0.01
0.40 -3.76 -19.61
1.40 -7.31 -10.71
4.93 -9.09 3.01
12.40 -16.22 9.85
14.23 -13.68 -9.20
18.23 2.57 8.49
-19.61 -16.33 -19.61
-0.34 2.45 0.11
5.15 -7.22 -4.50
-6.36 -3.77 -8.23
1.66 -3.58 -1.19
14.36 -7.32 9.23
10.64 -12.80 0.46
7.32 -10.57 -5.11
7.87 0.95 1.68
-12.36 -6.60 -14.41
-7.12 -4.15 -9.66
4.52 0.78 6.66
-6.23 -6.83 -19.61
-0.83 -1.10 -1.30
1.26 -0.75 -0.73
12.44 -8.74 1.39
9.67 -14.65 5.52
18.14 -15.09 -15.09
2.62 0.24 2.30
-7.07 0.26 -0.11
-11.09 -1.83 -14.43
10.48 3.03 4.18
-0.12 -7.14 -17.89
1.09 -10.65 -5.61
7.83 -4.67 3.61
8.64 -12.46 12.70
11.55 -15.44 -4.42
3.58 0.71 0.09
-1.58 1.11 1.16
-7.77 0.22 -15.94
10.27 2.83 3.41
2.22 -5.14 -16.36
-1.30 -7.54 -5.90
4.65 -6.50 0.55
19.61 -14.28 8.33
12.97 -13.92 -7.80
3.98 -0.60 -3.13
2.95 0.75 4.53
-10.47 -6.10 -19.61
3.71 2.38 7.37
1.55 -8.70 -6.35
-1.81 -5.78 -11.26
5.40 -9.36 -0.55
13.28 -13.75 7.78
9.72 -16.13 -1.83
2.34 -1.59 -4.26
2.55 0.44 6.38
-19.61 -12.76 -19.61
-2.56 -0.22 -2.74
4.35 -0.28 6.45
-2.81 -13.50 -19.61
7.00 -9.14 -10.45
7.89 -6.51 0.99
13.56 -8.37 12.34
12.10 -12.34 0.72
6.07 -13.88 -6.85
9.74 2.20 5.66
-10.89 1.83 -11.90
-9.74 -2.78 -11.99
18.84 -0.01 11.39
5.59 -6.43 -19.61
-4.23 -2.06 -5.37
7.56 -4.14 2.42
9.80 -12.48 9.37
7.14 -12.91 -9.74
2.40 -0.46 -4.98
4.05 -0.43 4.79
-16.97 -6.33 -19.61
6.07 0.07 -0.64
4.56 -5.33 -4.68
-2.63 -6.72 -12.90
3.58 -2.27 -0.55
15.88 -6.46 15.64
8.79 -16.77 2.32
3.68 -7.10 -8.38
10.80 0.38 2.52
-19.61 -12.87 -19.61
10.11 3.31 3.64
-10.12 -4.45 -10.39
-0.61 -3.49 -3.27
6.85 -5.69 -2.63
17.92 -10.06 12.68
7.99 -15.81 -1.66
7.76 -12.39 -7.52
10.19 0.96 9.07
-19.61 -19.61 -19.61
-3.20 0.32 -1.78
9.02 -1.10 2.05
-2.21 -5.27 -17.27
1.58 -6.96 -2.74
11.15 -1.22 5.83
13.49 -9.69 3.47
9.94 -11.04 -7.70
6.50 0.67 5.49
-8.20 -6.78 -7.03
-8.20 -5.34 -12.21
8.20 3.05 6.12
9.90 -7.20 -19.61
2.34 -6.51 -9.97
7.95 -4.04 5.51
13.95 -10.98 3.96
10.06 -12.37 -7.89
4.84 -0.62 4.68
-2.32 -2.00 -4.67
-6.68 -4.44 -17.52
11.72 0.67 8.56
2.91 -4.24 -19.61
-1.74 -8.03 -7.93
4.37 -2.25 1.04
14.52 -10.48 4.53
10.69 -12.76 -7.81
4.93 0.98 5.35
-11.33 -2.70 -5.34
-7.20 -1.87 -9.44
13.16 -0.91 4.21
-3.03 -14.74 -19.61
-1.57 -6.06 -7.20
10.00 -6.86 2.46
10.19 -12.92 6.58
9.17 -12.36 -7.81
4.86 -2.12 -3.59
4.27 -2.64 -0.26
-11.31 -6.09 -17.26
12.17 3.36 2.80
4.49 -0.65 -19.09
0.83 -8.64 -12.04
4.91 -7.11 0.25
9.91 -6.83 8.27
8.17 -14.37 -4.60
5.65 -3.54 -3.24
9.19 0.28 4.50
-15.62 -8.39 -19.61
5.87 0.53 3.57
3.20 -7.29 -5.11
-0.55 -7.71 -5.07
3.01 -6.48 9.68
6.76 -8.02 11.42
11.13 -15.97 -6.67
5.44 -1.36 -1.49
7.30 0.90 3.59
-16.47 -10.96 -19.61
-1.95 -0.15 -2.76
10.50 -3.81 1.95
0.56 -10.47 -19.61
7.16 -7.87 0.88
13.62 -0.72 7.31
12.06 -12.13 7.34
11.38 -15.56 -10.73
3.99 -1.70 3.74
0.06 -1.75 -1.53
-8.44 -1.91 -15.91
5.63 -3.28 5.95
6.43 -5.72 -16.94
-0.88 -8.44 -10.26
6.41 -2.98 1.98
10.33 -8.10 6.31
12.70 -16.42 -4.57
5.67 -3.04 -4.05
7.12 -1.27 1.83
-14.98 -4.67 -13.89
15.48 -0.95 3.53
-0.56 -5.92 -19.61
-3.46 -8.77 -2.50
11.44 -1.87 7.01
19.61 -7.80 3.81
7.99 -9.49 -5.47
13.21 2.96 8.89
-15.97 -14.93 -19.61
-4.08 3.35 -5.92
6.98 -4.14 -6.19
-2.55 -5.86 -6.13
3.51 -2.75 -0.64
19.61 -19.20 8.50
11.15 -9.59 -7.69
19.38 3.32 7.17
-16.82 -7.90 -19.61
19.61 0.42 -4.03
3.25 -11.06 -19.61
5.17 -4.95 1.68
14.55 -13.28 9.36
12.80 -16.10 -9.40
15.34 4.58 10.16
-13.88 -7.31 -18.42
19.61 -1.56 -6.08
3.35 -14.47 -19.61
7.87 -6.28 -6.87
18.57 -12.22 8.44
19.61 -17.67 -16.55
19.61 1.35 3.67
-16.30 -10.07 -19.61
17.47 9.91 7.12
5.16 -8.22 -19.61
1.93 -12.63 -5.28
8.86 -1.64 7.80
17.88 -8.32 -2.00
10.65 -9.26 -3.49
9.82 -1.75 3.35
-14.13 -9.89 -19.61
-5.08 1.69 -8.68
13.12 -1.20 6.43
0.30 -10.76 -19.61
1.17 -4.82 -8.48
9.19 0.47 10.08
16.89 -6.22 0.11
4.91 -8.68 -3.71
14.84 -1.53 2.05
-15.43 -19.61 -19.61
-2.38 -0.19 -5.45
8.17 -1.94 2.47
-3.07 -11.61 -19.61
-0.72 -1.75 -0.36
15.54 0.88 11.10
19.61 -3.02 1.25
5.22 -3.21 -3.27
2.80 0.58 6.93
-4.24 -3.49 -8.56
-8.12 -4.53 -12.50
9.12 1.64 9.16
5.97 -11.19 -19.61
5.40 -11.31 -8.40
8.09 -2.52 3.75
11.37 -14.75 6.99
15.52 -12.99 -5.27
5.28 -0.20 5.02
-3.60 -2.93 -0.42
-6.23 -6.45 -12.22
4.99 0.96 6.27
4.36 -8.88 -12.21
-1.39 -14.22 -6.00
7.41 -4.65 3.93
14.06 -5.58 9.55
10.36 -16.42 0.01
6.55 -6.80 -4.01
7.23 0.27 7.94
-18.61 -19.61 -19.61
-4.68 -2.45 -6.42
14.67 1.00 6.26
3.46 -12.17 -19.61
1.87 -6.26 -0.95
12.53 -5.32 6.96
3.82 -3.13 4.27
12.56 -11.13 -6.87
3.85 -1.92 5.30
-4.78 -2.92 -6.50
-8.15 -4.57 -13.84
7.59 0.86 8.06
6.40 0.04 -19.61
2.17 -11.33 -11.88
7.31 -1.88 2.93
10.68 -6.96 8.44
10.12 -15.39 -2.10
4.17 -7.12 -2.60
8.23 1.69 3.53
-14.51 -17.37 -19.61
-4.96 0.38 -7.93
7.78 -0.25 6.75
3.95 -12.15 -19.61
2.17 -4.50 -5.77
7.86 -1.07 4.00
11.85 -6.04 6.23
12.62 -14.81 -4.77
3.64 -7.09 -1.57
5.41 -1.58 3.52
-15.13 -11.97 -19.61
-4.45 -2.21 -5.64
6.34 1.47 6.85
0.61 -12.42 -19.61
-0.47 -5.30 -6.36
5.88 -7.04 2.18
11.50 -14.35 -1.25
7.84 -11.57 -8.81
2.46 -0.22 3.62
0.23 -0.74 -4.71
-6.92 -5.20 -15.60
0.68 0.86 2.14
5.37 -4.92 3.00
-2.92 -7.42 -17.63
-6.13 7.40 14.02
6.06 -4.31 4.09
15.53 -16.59 7.95
9.67 -16.35 -5.12
0.99 -5.94 -3.98
2.19 -1.98 0.51
-3.70 -4.35 -4.96
-10.68 -4.51 -12.38
2.28 0.18 1.97
1.73 -4.87 1.10
-1.32 -7.01 -12.71
0.15 -6.77 -1.53
7.19 -5.37 3.88
12.42 -7.69 8.51
7.28 -12.71 -1.14
8.06 -11.10 -8.46
13.30 1.16 6.77
-10.58 -1.55 -13.83
-7.95 -8.58 -15.43
9.80 0.36 8.18
-9.28 -5.77 -15.58
-2.50 -4.80 -2.07
6.40 -6.85 -0.23
10.40 -5.91 6.27
15.07 -15.66 3.72
15.46 -14.14 -6.49
4.38 -0.75 1.46
-2.56 -2.74 -2.26
-7.99 -5.36 -15.11
3.53 1.96 3.41
-1.53 -6.47 -2.73
-0.42 -7.92 -8.64
6.96 -7.86 4.42
10.87 -1.23 9.31
19.06 -12.57 3.55
13.00 -14.27 -7.44
6.70 -1.27 3.96
-10.40 -4.47 -5.33
-7.74 -4.04 -10.03
5.94 2.57 7.93
-4.19 -5.30 -18.76
2.50 -7.00 -8.85
6.63 -7.14 -0.35
12.56 -5.20 8.54
16.39 -4.01 4.12
9.93 -13.17 -6.72
1.66 1.30 2.33
2.33 -3.38 -3.40
-11.13 -13.36 -19.61
0.27 2.86 0.85
2.66 -3.08 2.26
-3.48 -9.62 -12.56
0.10 -5.46 -5.10
6.24 -5.35 2.52
16.36 -3.91 7.02
18.86 -14.02 -1.26
6.83 -5.94 -2.00
9.10 -1.11 2.17
-18.98 -8.48 -19.61
-10.02 0.68 -7.56
6.22 -0.64 7.28
-5.46 -10.28 -17.28
3.44 -9.52 -7.16
6.86 -7.61 3.74
14.29 -3.27 7.37
19.27 -12.32 -4.51
3.45 -8.05 -5.39
10.53 -0.69 3.88
-18.85 -17.24 -19.61
-4.83 2.76 -3.21
7.41 -0.79 5.47
2.45 -8.17 -19.61
0.89 -8.59 -2.85
11.05 -1.02 7.02
19.61 -10.75 4.77
11.87 -15.16 -3.22
1.90 -1.49 2.63
2.86 -1.92 -3.27
-8.93 -13.00 -19.61
1.97 0.85 -0.23
4.14 -6.65 2.39
-0.19 -8.43 -15.43
1.28 -4.03 -0.57
14.40 -4.95 14.34
13.87 -6.27 2.62
8.10 -10.74 -5.67
11.10 -1.13 4.35
-11.69 -9.69 -17.56
-6.70 -6.26 -9.71
8.32 -0.16 7.23
4.64 -8.09 -19.61
1.16 -11.80 2.14
9.72 -0.96 3.71
13.86 -3.04 6.53
16.15 -11.64 -3.63
3.14 -5.43 -1.69
4.21 -0.39 5.19
-14.27 -10.99 -19.61
-10.18 0.43 -6.78
5.93 -0.86 5.64
5.14 -8.62 -19.61
6.66 -12.64 -13.33
9.73 -3.89 5.82
13.93 -7.07 5.09
12.25 -14.28 -1.98
2.67 0.50 1.01
1.49 -2.33 1.49
-10.12 -7.97 -18.82
5.86 -0.07 -0.71
3.96 -7.69 -6.67
5.74 -9.61 -17.21
4.24 -5.49 1.34
16.19 -6.11 6.00
14.35 -10.27 0.16
5.85 -7.65 -4.40
3.25 0.21 4.27
-1.96 -4.57 -15.16
-4.34 -5.08 -16.12
5.97 1.52 4.41
6.29 -5.82 -8.83
6.32 -17.17 -10.95
7.19 -4.66 1.81
5.21 -7.92 1.87
-19.61 -19.61 -19.61
12.38 -5.67 0.14
-3.78 -17.43 -16.49
-6.07 -13.81 -9.76
0.04 -9.72 -1.07
13.88 -19.61 3.84
8.99 -19.61 -8.77
0.20 -11.48 -8.86
2.34 -8.19 -0.07
-19.46 -9.44 -19.61
16.30 -5.54 9.42
-3.97 -10.43 -19.61
0.77 -17.85 -4.39
7.28 -17.65 5.03
10.00 -19.61 -5.20
2.94 -12.80 -9.37
-3.36 -6.57 -5.05
-15.74 -5.14 -19.50
10.61 -10.71 3.28
-8.63 -7.19 -19.61
-3.21 -8.28 -6.68
8.13 -11.22 4.41
16.63 -14.64 -1.92
7.36 -19.61 -16.10
3.39 -7.34 6.63
-5.41 -6.69 -1.12
-17.89 -5.45 -18.21
4.24 -8.57 2.86
0.33 -11.91 -12.03
-7.72 -13.53 -10.17
1.58 -11.75 0.57
12.37 -19.01 13.18
7.45 -19.61 -4.33
11.13 -10.56 -6.64
1.01 -6.74 2.97
-19.61 -17.53 -19.61
-8.06 -4.71 -2.39
5.01 -10.63 2.48
-7.27 -15.71 -19.61
-6.35 -9.11 -6.17
5.65 -18.72 1.54
8.37 -19.61 1.01
1.86 -16.65 -7.40
-0.16 -10.70 -4.22
0.53 -7.67 2.40
-19.61 -17.95 -19.61
-7.77 -12.31 -9.66
7.06 -9.49 3.50
-6.34 -14.97 -19.61
-3.18 -13.50 -11.92
4.24 -8.87 4.01
9.87 -19.55 4.18
7.69 -18.43 -6.36
-1.53 -9.76 -2.31
3.59 -6.63 2.58
-19.61 -13.19 -19.61
-4.25 -6.28 -5.99
6.41 -9.43 3.15
-3.07 -9.79 -19.61
-1.34 -14.65 -2.52
5.27 -9.58 3.63
11.19 -13.78 5.46
7.30 -18.29 -13.27
-2.38 -9.64 -6.62
5.65 -9.11 5.10
-19.61 -11.76 -19.61
-3.17 -2.99 -1.67
1.97 -11.36 -1.92
-7.40 -16.31 -13.95
1.94 -10.45 -6.74
3.54 -12.01 4.54
10.94 -16.20 10.18
9.80 -19.61 -10.62
0.86 -8.83 -2.91
5.17 -7.41 2.22
-19.61 -13.55 -19.61
-7.46 -6.95 -3.35
7.70 -9.83 1.49
-6.97 -15.01 -13.32
-0.77 -14.85 -10.09
5.68 -10.35 1.29
10.19 -14.84 6.31
8.09 -19.61 -5.22
-3.60 -16.21 -5.99
9.65 -6.26 2.76
-19.61 -15.48 -19.61
-5.51 -3.88 -2.40
4.09 -11.05 4.88
4.39 -19.61 -19.61
2.03 -11.78 -0.26
10.19 -7.12 7.04
8.16 -10.60 6.35
9.70 -19.61 -12.73
9.24 -8.32 1.19
-3.56 -6.54 -5.87
-13.04 -11.84 -15.45
13.22 -9.76 9.61
1.04 -19.61 -19.61
4.27 -10.91 1.76
7.01 -8.68 5.98
9.61 -8.93 7.34
9.32 -19.61 -11.12
1.91 -11.29 -1.73
2.11 -6.08 -6.58
-18.16 -8.54 -17.99
19.61 -10.14 4.59
-9.57 -12.88 -19.61
-5.47 -6.73 0.43
10.13 -11.69 7.64
18.12 -19.61 3.11
4.63 -18.46 -7.32
9.61 -9.04 6.19
-19.61 -10.88 -19.61
-5.84 -7.22 -10.98
8.62 -10.42 1.56
1.71 -11.24 -19.61
-5.36 -16.57 -7.14
7.32 -9.05 3.78
14.98 -17.32 4.79
10.38 -19.61 -9.89
4.01 -5.68 8.75
-19.61 -12.43 -7.62
-13.31 -8.31 -8.32
9.05 -9.89 2.14
-7.59 -15.53 -19.02
-3.50 -11.11 -9.56
15.55 -18.42 14.32
12.54 -14.81 1.52
5.59 -18.62 -10.34
12.51 -4.61 0.86
-19.61 -19.61 -19.61
-3.92 -4.55 -9.24
6.01 -9.97 -0.05
-8.67 -13.16 -19.61
-3.57 -11.69 -1.82
13.04 -11.87 12.10
7.47 -17.37 3.14
4.41 -19.61 -13.71
16.54 -3.93 1.11
-19.61 -19.61 -19.61
-8.75 -3.89 -3.31
6.61 -11.66 0.04
-8.81 -14.76 -16.62
-2.21 -11.83 -3.69
11.71 -12.31 10.09
14.43 -13.66 0.48
3.51 -16.91 -11.95
7.33 -7.40 7.82
-18.39 -12.86 -16.79
-11.25 -7.89 -13.36
11.71 -8.93 2.00
-7.63 -14.08 -19.61
-3.25 -13.11 -11.71
2.23 -11.99 0.39
11.13 -8.79 8.05
11.18 -18.87 3.09
7.73 -19.61 -15.30
0.59 -8.48 1.81
0.20 -10.73 -0.54
-17.89 -11.93 -19.61
0.33 -7.19 -3.91
