-0.68 -1.47 -2.91
-12.87 1.18 -19.61
-2.04 2.30 -5.41
1.45 -1.73 1.80
-14.34 0.62 -19.61
-2.61 2.83 -9.06
4.02 -1.78 0.83
-10.70 -0.64 -17.50
-2.97 2.52 -12.02
2.60 -3.39 3.59
-8.84 -1.51 -10.16
-4.53 -0.40 -17.14
2.75 -1.42 3.40
-3.08 -1.23 -4.03
-11.88 -2.51 -18.06
2.32 -0.52 0.22
1.63 -1.12 -2.18
-12.71 -1.73 -19.61
-0.49 0.04 -1.93
-1.24 -0.77 -0.16
-11.11 -4.09 -19.61
-3.52 -0.47 -5.83
1.03 -1.03 1.22
-9.34 -2.92 -12.67
-5.52 -1.48 -14.01
4.74 -2.29 2.07
-7.64 -2.80 -11.00
-5.18 -2.09 -16.53
2.54 -0.97 3.60
-5.34 -0.97 -9.17
-3.64 -2.43 -16.35
0.56 -0.76 2.92
-4.39 -0.72 -3.95
-3.28 -5.56 -18.56
1.29 0.51 1.82
-1.25 -0.26 -2.21
-9.98 -4.56 -19.61
0.47 -2.16 1.56
-0.34 -0.61 1.29
-12.59 -4.33 -19.61
1.64 0.17 -1.08
-2.14 -0.24 -2.74
-13.98 -5.50 -19.61
1.41 -0.64 -3.18
0.79 1.98 2.81
-11.07 -5.06 -19.61
0.75 -1.45 -0.39
0.33 0.15 3.34
-9.60 -4.66 -19.61
-2.63 0.37 -5.99
1.18 -0.66 3.65
-15.51 -2.12 -19.61
3.16 1.03 -8.97
1.65 0.06 5.68
-13.93 -5.94 -19.61
-4.21 -0.05 -6.64
2.11 0.16 3.86
-9.11 -2.33 -11.46
-4.03 -1.78 -12.10
2.05 -0.31 3.05
-7.57 -2.75 -11.45
-5.20 -3.44 -13.44
1.61 -0.94 3.94
-11.34 -3.85 -13.13
-3.68 -0.90 -10.39
2.42 -0.57 3.26
-11.37 -1.17 -16.77
-2.43 -6.01 -8.15
2.76 1.03 2.20
-9.73 -0.96 -14.73
-4.14 -2.02 -13.08
1.57 -0.48 4.01
-6.59 -0.68 -14.01
-5.09 -7.01 -14.40
1.89 -0.09 2.63
-10.65 -2.46 -14.67
-4.91 -2.28 -13.86
1.27 -1.37 4.85
-5.96 -0.40 -14.33
-4.00 -3.18 -14.14
-0.05 0.31 3.36
-4.42 -1.07 -5.74
-4.30 -6.00 -15.53
2.35 -0.81 1.28
-1.84 0.43 -1.98
-8.98 -9.51 -19.61
-1.53 1.32 -3.29
0.96 0.91 2.56
-7.21 -5.04 -19.61
-2.41 -0.52 -2.54
0.66 0.69 2.64
-7.72 -5.27 -19.61
-3.36 -5.36 -6.99
0.62 0.43 5.57
-8.15 -1.28 -18.87
-3.17 -1.10 -11.65
2.92 0.34 3.85
-12.71 -2.23 -17.73
1.61 -0.79 -14.96
1.02 -0.61 7.37
-4.15 0.83 -15.82
-8.88 -3.21 -13.38
2.34 0.82 3.64
-6.54 1.26 -10.57
-4.17 -0.75 -11.65
1.67 1.24 1.93
-5.40 -0.71 -13.51
-2.97 0.30 -12.95
1.81 -0.19 3.67
-10.59 0.55 -19.61
0.28 0.81 -3.86
-1.61 2.42 1.61
-9.45 -1.95 -19.61
0.69 2.37 -0.66
-1.96 1.08 -2.68
-5.96 -2.78 -15.65
2.07 1.70 1.07
-9.17 -0.44 -10.95
-2.95 1.71 -5.68
-3.45 1.35 -3.15
-6.03 1.51 -12.10
1.66 2.03 0.78
-6.16 -1.30 -11.44
-3.56 -0.95 -12.30
-0.06 1.22 -0.23
-2.29 1.18 -2.69
-7.27 -9.62 -17.70
-0.36 3.13 -2.74
-1.43 1.96 -1.98
-7.50 0.54 -18.62
-0.21 2.65 -0.83
-0.16 0.47 -2.66
-7.44 -0.21 -18.63
-1.14 1.53 -3.15
-3.85 1.95 -4.78
-7.01 0.65 -8.46
-9.08 -3.59 -12.59
0.91 0.53 -1.40
-1.73 -0.21 -0.40
-8.08 -6.45 -19.61
-1.63 -1.46 -2.14
-5.39 0.54 -0.23
-9.15 -6.32 -15.39
-2.50 2.12 -1.70
-3.91 0.71 -3.17
-7.98 -10.22 -14.56
-2.11 0.39 -2.15
-2.57 0.60 -3.09
-5.43 -2.63 -17.24
0.78 1.52 1.87
-5.20 0.31 -6.05
-3.50 -4.04 -11.84
1.02 1.64 2.60
-10.82 -2.87 -14.34
-5.00 -0.10 -6.85
-0.36 -2.89 6.27
-8.96 -7.08 -19.61
0.49 -0.92 -1.01
-4.15 3.69 -5.34
-6.03 -2.28 -10.28
0.78 1.83 3.22
-14.73 -7.07 -19.61
1.12 2.07 0.55
-1.94 0.95 -0.23
-10.63 -7.70 -17.92
-1.13 1.67 -1.03
-2.61 0.01 -1.78
-8.64 -12.80 -15.74
-4.21 -1.69 -6.97
1.34 0.72 3.27
-9.40 -0.56 -19.61
-1.79 1.90 -4.30
1.42 -2.55 2.44
-17.38 -1.02 -14.49
-1.74 1.09 -3.34
0.12 -0.31 2.07
-13.36 -0.75 -19.61
0.43 1.50 -2.61
0.16 -1.11 2.82
-13.52 -3.03 -19.61
2.06 1.22 -0.98
-0.11 0.89 -0.17
-15.04 -3.70 -16.45
0.89 1.83 -1.23
-1.41 -0.08 -0.00
-11.30 -0.81 -19.61
4.07 -0.44 -0.91
-0.53 2.02 -2.19
-5.26 -2.12 -17.57
1.42 -1.22 1.38
-8.83 -1.56 -11.61
-3.18 2.01 -13.77
1.85 -3.08 5.12
-11.80 -0.50 -18.86
-3.02 -0.35 -8.20
0.70 -0.60 5.02
-11.30 1.63 -19.61
-3.10 0.07 -10.31
2.28 2.01 4.15
-12.21 -1.89 -17.96
-4.17 -1.26 -9.44
2.29 -1.08 5.13
-16.51 -2.40 -19.08
-2.32 -0.28 -7.99
1.78 0.38 4.48
-16.83 -0.60 -18.81
-0.46 -1.06 -3.49
2.04 -0.91 3.91
-13.51 -0.80 -19.61
0.01 0.60 -1.95
-1.23 -0.08 2.01
-11.33 -8.28 -19.61
-0.24 1.68 -4.59
1.41 -0.08 3.51
-18.89 -6.49 -19.61
-0.91 -2.58 -1.85
-0.79 4.23 1.89
-11.63 -6.61 -19.61
-3.37 0.91 -6.91
2.90 -0.11 1.64
-16.57 -3.79 -17.82
-5.72 -0.76 -8.76
2.59 -0.40 2.01
-7.42 -2.65 -16.38
-4.01 1.30 -10.21
2.26 -1.35 3.88
-11.66 -1.42 -11.85
-4.65 -0.21 -11.54
1.22 1.12 1.55
-6.48 -2.03 -11.14
-5.19 1.37 -12.16
2.12 1.33 3.03
-5.11 -1.91 -9.88
-4.47 -6.00 -14.07
2.18 1.19 1.38
-2.93 1.20 -5.02
-6.38 -3.68 -17.38
1.88 0.34 2.90
-4.81 -0.93 -5.38
-4.81 -5.15 -15.24
-1.81 -0.85 2.44
-9.00 -1.47 -12.12
-2.73 -2.05 -6.81
0.66 0.38 0.79
-15.74 -5.54 -19.61
0.06 -1.57 -0.17
-4.05 1.76 -4.64
-6.53 -3.27 -16.30
0.75 1.59 1.79
-5.93 0.47 -5.69
-2.29 -4.14 -16.36
0.74 -0.00 0.77
-4.79 0.99 -5.63
-3.67 -6.26 -11.07
-2.05 -1.84 1.98
-3.80 0.67 -8.80
-4.32 -1.00 -12.16
0.43 1.20 2.43
-6.62 0.05 -14.95
-3.96 -0.10 -10.70
0.98 -0.17 3.49
-10.56 -1.82 -18.04
-3.78 -0.59 -3.85
-1.17 0.14 1.22
-13.59 -1.26 -19.61
1.22 0.56 1.42
-3.24 1.56 -4.52
-6.05 -5.16 -14.04
-0.76 0.65 0.23
-4.80 1.22 -3.33
-6.69 -4.54 -15.21
3.01 0.53 1.64
-3.28 0.47 -4.40
-3.04 -0.35 -19.61
3.15 1.02 2.94
-11.69 -1.24 -15.87
-5.16 0.99 -14.59
0.39 -0.37 2.51
-15.49 -3.76 -19.61
0.38 -0.05 -0.88
-2.23 0.89 -2.15
-6.42 -1.54 -16.50
2.46 1.23 2.72
-6.34 -1.53 -9.75
-3.90 -2.23 -12.74
-2.21 6.92 0.50
-3.62 -1.68 -5.21
-1.12 -2.51 -14.13
1.62 0.27 3.23
-14.89 -2.69 -14.30
-2.41 -0.89 -6.32
1.21 2.43 0.89
-16.84 -5.27 -19.61
1.66 0.02 1.90
-2.63 0.06 -6.39
-10.62 -4.40 -10.05
1.97 0.34 3.31
-9.72 -0.95 -18.20
-1.60 -0.51 -4.69
-0.35 1.09 1.08
-5.49 -0.46 -19.61
1.63 1.35 -0.13
-5.04 -1.13 -9.69
-1.75 -2.38 -4.16
2.63 0.90 1.76
-14.52 0.38 -18.06
-2.36 -0.73 -2.57
0.70 1.18 1.18
-12.50 -5.12 -19.61
-0.57 0.66 -1.20
0.06 0.35 2.48
-8.70 -3.83 -19.61
0.03 0.58 -0.15
-3.99 0.91 -1.82
0.48 -1.23 -14.15
1.61 -0.43 2.38
-7.83 -1.51 -18.44
-3.25 -1.21 -7.93
0.19 0.45 3.35
-19.61 -4.10 -19.61
-0.73 1.82 -3.55
-1.71 0.92 1.31
-11.05 -11.49 -19.26
4.60 -0.88 1.98
-3.43 0.95 -1.44
-0.53 -2.08 -11.67
2.65 0.76 1.59
-9.06 0.51 -19.61
-2.72 -2.14 -4.71
-0.85 1.32 3.04
-12.98 -7.09 -19.61
-0.87 1.90 -2.49
-2.51 -0.02 -1.95
-8.68 -4.74 -13.94
2.03 -0.62 4.60
-9.10 0.07 -9.74
-3.95 -1.55 -11.11
1.20 1.70 3.19
-14.46 -1.04 -19.61
-1.84 0.45 -2.42
-0.87 -1.20 0.76
-8.74 -7.64 -15.78
3.66 2.57 -1.93
-5.99 -2.07 -15.29
-3.92 -1.60 -7.70
0.76 0.25 2.46
-11.33 -7.29 -19.61
-0.44 0.03 -1.53
-1.58 0.64 -0.98
-6.13 -4.42 -14.89
2.04 1.23 0.47
-5.75 -1.19 -6.01
-3.95 -5.07 -10.88
1.25 -0.08 2.71
-16.59 -2.24 -15.41
-0.02 -1.26 -4.48
0.18 0.45 0.84
-12.78 -6.03 -19.61
2.04 -1.30 1.22
-9.76 -1.09 -9.61
-0.48 -2.53 2.07
1.96 -1.09 5.04
-19.61 -4.86 -19.61
-2.52 -2.04 -2.95
-0.48 1.73 1.87
-7.67 -2.08 -19.49
2.78 -1.48 1.59
-12.20 -0.68 -15.43
-1.59 -0.48 -9.63
2.13 0.89 2.08
-16.48 -2.34 -19.61
-1.40 -0.21 -0.80
-4.81 1.19 -4.20
-1.90 -3.88 -14.29
2.21 0.07 2.84
-16.53 -2.83 -19.60
-2.19 -1.12 -3.07
0.27 -0.96 2.39
-10.41 -2.43 -19.61
-0.09 1.02 -2.46
-1.83 -0.66 -2.21
-6.26 -3.56 -14.62
0.86 0.34 2.91
-10.39 0.12 -10.42
-2.71 0.36 -17.09
2.01 1.00 3.91
-14.10 -1.36 -14.72
2.00 2.92 -5.82
-1.26 0.18 2.36
-12.16 -5.75 -19.61
-1.58 2.07 -5.12
-0.15 0.67 2.16
-14.62 -3.52 -19.61
-1.02 1.04 -5.69
-1.56 -0.34 -1.57
-6.62 -4.91 -16.48
1.14 0.44 1.12
-13.66 -0.38 -15.89
-1.35 1.14 -4.93
0.32 -0.58 3.17
-14.70 -3.81 -19.61
2.04 1.47 0.86
-1.96 -1.89 -2.98
-10.48 -5.67 -17.16
3.01 0.19 1.38
-5.99 0.32 -6.77
-2.21 1.66 -10.76
-14.26 -3.64 -19.61
-1.87 0.24 -3.26
0.19 0.05 -0.25
-9.39 0.10 -19.61
-1.41 -0.10 -3.67
1.78 0.83 1.76
-3.75 1.88 -19.61
2.90 1.74 -3.73
-0.71 -1.77 0.30
-6.86 -0.23 -19.61
7.15 -0.84 -0.92
-4.41 1.86 -4.32
0.08 -3.43 -17.20
5.22 -2.26 0.27
-10.04 -0.28 -11.48
0.48 -1.21 -17.69
4.59 -0.68 2.00
-17.02 -0.01 -9.60
-5.08 1.93 -10.45
5.14 0.09 2.96
-14.33 -1.52 -19.28
-0.54 0.85 -4.76
0.34 0.71 -4.28
-1.00 2.08 -19.61
0.06 -3.60 0.13
-11.01 -2.00 -13.07
-0.38 0.72 -4.24
-0.65 -3.53 -0.70
-2.35 0.94 -17.28
3.00 -5.59 -0.55
-5.97 -0.35 -19.61
1.92 0.28 -3.82
-0.98 0.36 -2.24
-0.96 -2.22 -19.09
5.04 -1.45 3.02
-8.38 -3.00 -19.61
0.15 0.54 -2.43
2.04 0.00 0.86
0.39 -2.96 -15.34
3.88 0.34 5.13
-3.05 2.94 -19.61
7.83 -0.68 1.58
-10.76 -0.17 -11.13
1.40 0.46 -0.07
1.44 -1.30 0.42
1.78 -1.49 -10.25
2.76 -0.56 1.83
-2.07 1.71 -19.61
4.72 -2.78 3.01
-11.05 -0.79 -19.61
4.47 -1.49 0.19
-4.07 -0.47 -8.01
-0.75 -2.24 -9.01
3.02 0.50 1.43
-15.49 -4.66 -19.61
5.06 -4.80 -0.95
-19.61 -2.56 -19.61
1.72 1.34 0.50
-7.10 -2.25 -8.77
-0.66 -0.36 -4.01
4.22 -0.12 2.77
-0.17 -4.51 -19.61
1.96 1.84 3.03
-8.39 -1.54 -19.61
1.57 3.20 1.63
-0.06 -0.23 -3.47
4.20 -3.21 -17.85
3.49 0.36 7.01
-11.97 -6.20 -19.61
8.55 -2.09 -0.71
-1.60 1.64 -0.31
-2.09 0.17 -16.37
4.49 -2.60 5.05
-14.64 -2.47 -19.61
2.65 1.41 6.61
0.39 -1.22 -2.53
-0.29 -2.54 -14.45
4.96 -4.18 1.60
-19.61 -4.52 -19.61
4.53 -3.57 3.52
-8.26 -1.53 -13.06
0.26 -0.82 -5.88
4.10 -0.25 3.04
-4.33 -2.71 -19.61
6.21 0.11 1.79
-17.44 -4.66 -19.61
2.63 4.01 -2.81
0.37 -2.31 -3.45
0.51 -2.33 -17.72
1.90 -1.39 3.25
-12.31 -0.49 -19.61
2.60 0.90 3.71
-4.18 -1.74 -4.14
-2.38 -1.25 -14.39
5.24 -1.05 2.43
-15.72 -7.13 -19.61
2.09 4.71 -5.83
-4.08 -2.88 -1.25
0.02 -0.73 -6.89
3.61 0.95 1.86
-1.93 -3.94 -19.61
4.59 -2.96 2.34
-15.90 -0.33 -19.61
2.49 -0.82 -1.18
-0.44 0.58 2.20
-2.51 -2.09 -18.90
1.92 0.22 3.68
-14.84 -1.78 -19.61
6.91 -0.84 -1.47
-0.07 0.40 1.48
-0.74 0.68 -18.50
2.47 -1.59 4.07
-18.48 -0.35 -19.61
2.75 -1.11 -0.63
-1.15 0.03 -0.08
-0.49 1.54 -17.57
1.67 -0.74 4.01
-19.61 -4.51 -18.47
2.55 -0.10 1.45
-3.02 -1.68 -11.23
1.85 0.45 -9.63
2.37 -0.43 1.05
-8.57 -3.66 -19.61
5.16 0.50 1.58
-14.86 -3.81 -19.61
0.39 -2.78 -0.80
-2.50 0.72 -2.32
-0.43 2.32 -11.58
2.24 -1.52 1.06
-11.48 -0.83 -19.61
5.11 -1.19 2.66
-15.88 -2.55 -15.25
2.22 3.31 -1.72
1.03 2.01 -3.18
1.70 2.42 -13.21
0.90 -2.32 2.76
-4.75 3.53 -19.61
2.29 -0.18 2.24
-5.44 -0.01 -11.87
1.93 1.00 -7.58
-0.22 -0.35 3.22
-6.87 0.65 -19.61
2.74 -2.26 2.65
-18.72 -3.08 -19.61
2.09 -0.24 -0.08
-2.89 1.42 -3.38
-1.26 2.09 -10.43
3.29 0.72 0.26
-9.70 -4.78 -19.15
4.30 -0.10 1.02
-19.30 -13.62 -19.61
5.84 1.81 -0.03
-1.82 -2.36 -8.15
1.80 0.80 -7.04
1.13 1.16 1.45
-6.10 -2.34 -19.61
3.26 -0.20 2.50
-19.61 -2.07 -19.34
2.08 2.47 0.09
-0.44 0.84 -4.88
-1.47 -1.03 -4.56
2.26 -0.31 1.42
-15.32 -1.94 -19.61
4.98 -1.80 1.61
-16.14 -6.95 -7.37
-1.39 0.51 -3.22
1.15 -1.32 -1.41
-3.92 -5.32 -16.09
3.88 1.99 2.00
-9.17 -1.62 -16.76
1.51 -0.02 -8.23
3.51 -1.41 0.93
-8.13 -1.52 -19.61
1.66 2.06 2.18
-5.05 -1.15 -7.47
0.70 2.72 -10.18
2.15 0.24 3.48
-14.04 -1.06 -19.61
3.35 2.06 2.37
-6.75 -0.35 -9.98
1.46 2.99 -5.44
3.64 -1.16 0.18
-11.22 -5.41 -19.61
0.79 0.23 3.00
-8.74 -2.94 -8.56
3.51 -0.30 -7.20
-2.58 1.98 -0.13
-1.77 -2.23 -17.06
1.45 0.47 3.39
-18.75 0.39 -19.61
8.98 -7.47 -1.49
-2.66 3.96 -1.35
0.34 1.18 -11.37
0.07 -0.20 2.35
-9.66 -1.36 -19.61
5.72 -1.35 1.20
-15.57 -1.34 -14.67
4.59 -0.49 -4.47
-2.76 1.85 -2.67
0.33 0.53 -9.83
0.17 -0.49 0.38
-15.12 -0.59 -16.13
1.32 -1.19 2.60
-10.61 -3.15 -19.61
5.03 -2.47 2.17
-9.06 1.25 -17.21
2.42 1.59 0.56
0.85 0.59 -1.68
2.54 -0.97 -15.73
0.20 0.81 2.02
-9.80 0.79 -19.61
1.56 2.00 3.49
-0.81 -0.54 -5.30
-0.77 1.70 -13.36
-0.49 -0.45 -1.04
-6.27 -2.10 -19.61
2.50 -0.60 -2.33
-5.05 -1.62 -6.76
0.40 -0.09 -7.19
-2.44 0.31 -1.14
-5.46 -10.12 -19.61
2.42 -0.12 0.78
-7.53 -3.30 -9.94
2.22 -1.94 -7.80
1.04 0.49 -0.39
-12.04 -10.85 -19.61
3.53 2.38 0.35
-6.00 -2.91 -8.38
2.17 -1.63 -8.45
2.17 1.19 0.69
-12.45 -6.48 -19.61
2.71 -0.79 1.70
-9.39 -2.36 -14.42
0.98 -0.90 -3.09
-0.41 -1.45 -1.13
-1.98 -3.47 -15.65
1.34 -0.25 1.89
-11.33 -4.58 -19.61
1.28 0.95 -1.57
-1.86 -0.82 -3.56
0.20 -1.47 -12.10
1.52 0.55 1.77
-16.64 -10.42 -19.61
3.20 0.93 -0.38
-3.82 -1.13 -4.10
-2.77 1.63 -8.66
0.94 0.67 2.37
-16.98 -6.56 -19.61
4.34 1.42 -0.60
-2.07 -0.43 -6.24
1.60 -4.59 -11.02
2.24 2.55 3.76
-16.47 -11.84 -19.61
2.24 0.45 -0.41
-4.25 -2.53 -0.78
-0.17 -7.94 -9.91
1.45 3.03 3.64
-8.51 -9.95 -19.61
5.65 -0.03 1.78
-1.24 0.79 -0.43
-2.02 1.70 -13.61
2.71 -1.47 7.54
-12.82 -3.54 -19.61
4.28 1.39 -3.28
-0.35 2.02 -0.53
-8.36 -6.70 -15.26
2.02 2.85 3.43
-7.57 -6.63 -19.61
1.55 -0.28 -6.33
3.14 -0.98 3.32
-8.22 -2.69 -19.61
2.54 2.16 3.72
-19.61 -1.55 -10.56
2.28 1.73 -1.86
-2.66 -0.87 -3.04
-5.21 0.17 -10.07
2.69 0.40 2.49
-6.90 -9.43 -19.61
3.62 1.66 1.78
-10.96 -2.05 -14.87
0.93 1.92 -2.89
1.49 -0.52 0.18
-5.00 0.29 -17.84
5.50 1.23 1.06
-14.90 -1.67 -19.61
4.02 -0.27 0.90
-2.50 -0.05 -3.86
1.78 0.49 -10.36
0.41 0.30 1.97
-3.89 -0.11 -19.61
1.56 -0.00 2.77
-14.47 0.14 -19.61
2.73 -0.67 -2.42
-2.71 1.87 -6.35
2.58 1.23 -7.33
-0.32 -0.63 1.11
-5.59 -0.84 -16.42
1.66 -0.24 1.63
-19.61 -6.11 -19.04
3.50 -0.04 0.33
-11.24 -3.67 -12.12
4.41 0.08 -4.26
-0.01 -0.91 -1.76
-0.78 -1.21 -9.48
1.35 -0.21 2.27
-14.57 -6.38 -19.61
2.24 2.02 1.19
-17.99 -6.82 -16.18
1.06 -0.37 -3.03
-1.33 -2.97 -4.49
0.80 -1.50 -7.57
-0.59 0.10 0.73
-3.90 -2.00 -18.28
-0.03 -0.65 2.26
-10.36 -0.48 -19.61
2.36 -0.21 -2.90
-4.25 1.40 -5.23
-0.76 -0.51 -8.19
1.03 0.71 0.11
-9.77 0.99 -19.54
3.96 -2.42 0.78
-18.39 -8.79 -13.12
2.38 -1.93 -1.55
-3.46 0.73 -7.12
2.56 -3.06 -5.77
0.75 -0.43 0.73
-1.28 0.14 -19.61
2.43 -0.28 3.67
-10.49 0.05 -19.61
1.75 -0.57 0.14
-1.28 1.50 -3.76
-2.91 -1.85 -15.69
-0.57 -0.24 3.37
-7.19 -1.07 -19.61
1.81 0.13 1.57
-3.30 1.54 -13.88
1.25 -0.24 -3.39
-2.41 0.59 0.64
-0.15 -2.04 -11.65
3.06 -0.87 -1.36
-4.11 5.90 -17.70
3.63 -0.85 3.07
-18.97 -2.35 -19.61
1.72 0.05 0.93
-3.25 -2.96 -1.95
1.75 -0.91 -5.94
3.19 -1.80 0.60
-1.74 -0.11 -19.61
2.54 0.78 3.25
-14.05 -0.37 -19.61
5.60 -1.63 3.12
-13.27 -2.42 -13.08
0.74 -1.06 -1.64
-0.82 0.24 -0.16
2.05 1.90 -10.92
0.98 -0.43 1.72
-8.43 -2.96 -19.61
1.52 0.42 2.36
-14.68 -1.69 -19.61
3.39 -0.43 -0.97
-3.01 0.29 -5.91
1.37 -0.79 -9.97
-1.53 2.05 1.16
0.69 -2.62 -18.52
0.49 0.14 2.85
-15.51 -5.30 -19.61
1.10 -0.09 -0.96
-3.37 0.57 -6.86
-1.85 -3.03 -7.79
1.62 2.16 1.07
-5.30 -2.95 -19.61
5.83 -0.90 -0.26
-14.15 -3.17 -19.61
2.62 -0.69 -0.20
-3.62 -0.81 -1.58
3.57 -1.53 -12.94
1.16 1.35 2.36
-12.00 -3.97 -19.61
5.46 1.54 0.45
-4.45 -0.51 -10.99
3.03 -0.37 -8.60
1.10 0.80 3.27
-9.72 -7.04 -19.61
4.70 0.79 1.63
-19.61 -3.26 -9.93
3.91 1.59 -4.22
-5.06 0.31 -4.66
1.33 -1.31 -8.98
0.56 0.25 2.61
-5.23 -4.90 -19.61
2.46 1.25 1.02
-19.61 -2.93 -18.25
1.49 1.37 -0.35
-4.81 0.51 -11.87
-2.11 1.41 -1.57
1.21 -1.44 -0.92
-2.18 -10.95 -16.20
1.79 2.61 0.24
-15.28 -2.37 -18.44
1.05 1.10 -3.08
-0.78 -0.07 -5.09
0.58 -2.57 -9.06
0.69 -0.55 2.63
-13.26 -4.44 -19.61
4.32 0.76 -2.11
-5.66 -1.57 -8.50
0.31 0.02 -7.02
0.40 -1.21 1.51
-3.22 -2.07 -14.42
4.60 0.12 -1.25
-11.28 -4.35 -19.61
3.40 -0.00 1.94
-9.88 -2.38 -18.30
2.29 -0.88 -1.55
-4.26 -0.92 -7.21
2.86 -0.26 -5.17
0.20 -0.04 -0.16
-1.55 -4.22 -18.61
-0.37 -0.42 0.76
-6.37 3.27 -8.67
0.54 -1.12 -8.71
1.52 -1.87 0.52
-3.05 -6.21 -18.21
2.47 1.19 1.07
-10.74 -6.34 -19.61
1.43 0.30 -2.22
-1.58 -0.52 -1.55
-0.25 -4.76 -11.34
3.86 1.21 0.24
-17.25 -13.48 -19.61
2.17 1.10 1.12
-13.77 -4.04 -12.21
4.39 0.19 -2.96
2.93 -0.19 -0.89
-9.21 -9.25 -14.16
2.38 1.28 0.83
-19.61 -12.29 -19.61
2.41 1.93 -0.69
-5.12 0.68 -9.56
1.83 -1.39 -6.02
0.93 2.28 1.38
-3.09 -3.70 -15.60
4.76 0.77 2.80
-15.56 3.61 -15.83
-0.06 0.43 -1.65
-2.92 -1.64 -6.63
3.03 1.31 -11.05
3.27 -4.95 1.49
-12.77 -8.55 -19.61
2.56 0.39 1.38
-12.56 -6.57 -11.88
2.23 1.12 -3.90
-0.97 0.39 -0.23
-1.56 -7.94 -15.80
2.84 0.66 2.48
-17.33 -9.12 -19.61
3.22 0.58 0.07
-3.94 0.26 -8.76
0.78 -0.55 -4.82
1.05 -3.40 -2.38
0.40 -3.52 -19.61
5.48 -0.94 -2.22
-11.33 -3.64 -19.61
0.91 -0.08 -2.30
-2.34 0.61 -1.56
-1.48 0.04 -11.23
4.30 -0.52 -0.59
-16.24 -5.44 -19.61
3.31 1.83 3.91
-13.64 -6.03 -16.36
5.16 0.59 -2.30
1.67 1.03 -1.52
-3.14 -1.57 -18.07
1.77 0.55 0.26
-15.36 -3.40 -19.61
4.17 -0.01 -0.48
-0.35 0.83 -2.82
0.23 -3.69 -12.35
0.88 2.30 3.07
-12.29 -6.35 -19.61
4.37 1.11 -2.42
2.65 -1.18 -2.83
3.33 -2.58 -12.23
5.29 1.64 7.20
-8.51 -8.61 -19.61
4.08 2.11 2.15
-10.60 0.65 -19.61
3.04 1.40 -1.88
-3.27 0.40 -4.62
-19.61 -9.48 -19.32
-0.45 -5.57 0.82
-19.61 -7.51 -18.40
-4.66 -5.16 -3.65
-7.04 -8.14 -2.10
-8.94 -6.30 -13.28
-1.01 -8.03 2.08
-19.61 -8.20 -19.61
-0.99 -6.40 -0.02
-19.61 -7.75 -19.61
-1.66 -4.88 -2.91
-6.06 -10.05 -4.51
-2.80 -5.23 -6.50
-0.74 -9.25 -1.25
-10.85 -3.44 -12.65
1.05 -9.37 1.93
-19.61 -15.51 -19.61
1.75 -5.31 0.67
-13.30 -7.37 -10.19
-4.10 -5.71 -9.56
-0.74 -8.92 3.68
-12.38 -5.22 -19.61
0.50 -8.40 1.11
-19.61 -8.05 -19.61
-2.95 -3.17 -4.04
-3.80 -8.58 -1.21
-6.19 -6.33 -15.90
0.20 -7.86 2.68
-19.61 -10.94 -19.61
1.51 -5.79 -0.35
-19.61 -8.28 -4.87
-5.91 -5.60 -4.52
-0.38 -6.21 -0.43
-16.77 -13.04 -12.28
0.70 -6.94 1.61
-19.61 -9.85 -19.61
2.19 -5.62 -0.41
-13.91 -11.94 -13.83
-2.07 -8.43 -3.50
-4.48 -7.53 -1.46
-6.62 -9.77 -13.04
1.11 -6.93 0.77
-19.61 -17.27 -19.61
0.89 -8.38 0.04
-17.94 -9.04 -19.07
-1.12 -5.98 -0.49
-3.14 -8.07 -2.22
-6.26 -6.70 -11.98
-0.50 -8.72 1.24
-19.61 -11.18 -17.60
0.80 -7.19 -0.55
-5.07 -9.28 -5.48
-4.22 -6.93 -9.95
-0.96 -9.19 1.33
-19.51 -18.74 -19.61
5.88 -8.22 -4.01
-15.11 -12.19 -11.83
-2.68 -7.90 -2.60
-1.22 -7.47 -0.59
-11.56 -12.36 -19.61
-0.40 -6.15 -0.05
-19.61 -16.63 -11.72
-3.12 -10.72 -2.60
-1.43 -6.23 1.39
-8.72 -17.01 -19.14
3.34 -9.74 -0.27
-19.61 -9.63 -19.61
0.13 -5.46 1.58
-12.70 -9.94 -9.58
-2.75 -6.74 -3.40
-2.88 -6.03 -1.74
-10.18 -8.56 -12.30
1.10 -8.29 -0.02
-19.61 -13.15 -19.61
-0.96 -5.52 0.44
-15.86 -7.94 -18.09
-6.93 -7.36 -2.72
-6.67 -8.12 -3.02
-6.60 -4.93 -7.86
0.09 -5.70 0.29
-19.61 -16.48 -19.58
2.36 -9.36 -1.45
-19.61 -6.76 -19.61
1.75 -6.64 -0.97
-8.91 -9.03 -8.21
-12.96 -11.82 -11.60
-0.93 -8.70 0.86
-19.61 -12.67 -19.61
-0.72 -6.11 -1.10
-9.10 -8.13 -0.91
-9.91 -9.94 -11.07
-0.83 -8.53 0.32
-19.61 -13.59 -19.61
-0.45 -5.21 -1.08
-11.62 -10.08 -5.52
-1.52 -14.10 -10.95
-0.95 -7.39 -0.08
-18.16 -13.25 -19.52
2.36 -6.23 -0.75
-19.61 -11.93 -9.06
0.08 -7.86 -2.62
-1.00 -7.22 -2.15
-13.63 -9.82 -15.46
1.67 -8.99 -1.58
-19.61 -11.56 -15.24
-2.68 -10.40 0.33
-5.06 -5.68 -3.99
-7.57 -5.91 -7.89
1.74 -9.71 -0.30
-19.61 -8.87 -19.61
2.87 -8.75 0.10
-19.61 -8.89 -19.61
1.76 -7.38 -0.90
-10.30 -5.18 -5.50
-2.93 -9.30 -7.42
0.91 -7.22 -0.64
-12.42 -13.48 -19.61
-2.54 -5.99 2.90
-19.61 -16.42 -13.40
-0.79 -8.01 -1.22
-7.36 -5.98 -5.80
-3.44 -5.44 -6.58
-0.18 -7.92 0.01
-14.43 -7.41 -19.61
1.45 -8.66 0.33
-19.61 -9.90 -19.39
-0.79 -6.51 -2.09
-5.84 -7.81 -1.96
-4.67 -11.71 -12.09
-1.12 -7.20 0.51
-19.61 -17.67 -19.61
-0.20 -7.78 -1.33
-10.83 -9.07 -10.82
-1.71 -9.00 -5.54
-3.27 -6.94 -2.55
-5.64 -8.68 -14.19
-0.24 -7.88 1.28
-19.18 -8.47 -19.61
0.67 -9.87 0.46
-19.61 -9.24 -13.38
-2.69 -9.25 -3.70
-0.91 -5.71 -1.45
-11.59 -8.82 -12.90
0.55 -7.29 1.86
-17.00 -8.00 -19.61
1.26 -7.64 0.86
-19.61 -12.76 -19.61
2.99 -7.46 -3.13
-9.63 -9.05 -4.95
-4.69 -8.13 -8.11
-1.31 -6.48 -0.97
-12.26 -9.01 -14.60
0.17 -7.29 1.39
-19.61 -11.83 -19.61
0.88 -8.12 -0.12
-16.27 -8.96 -19.61
-1.08 -6.41 -1.34
-3.92 -8.49 -0.79
-9.01 -6.45 -11.10
0.43 -6.61 -0.45
-15.30 -10.15 -19.61
-0.83 -8.07 1.85
-19.61 -5.82 -19.61
-0.67 -5.49 -0.53
-7.47 -9.17 -12.69
-3.26 -6.52 -5.56
-3.33 -7.23 -1.05
-12.18 -16.47 -16.89
0.35 -7.76 -0.47
-19.61 -10.85 -19.61
1.23 -7.57 -0.92
-15.09 -9.79 -7.44
-0.49 -9.05 -4.20
-1.77 -5.31 0.44
-13.90 -7.75 -12.24
0.60 -8.65 0.81
-19.61 -14.87 -19.61
-0.50 -5.32 1.32
-19.61 -10.71 -13.06
-2.11 -8.16 -7.95
-1.52 -8.81 -1.03
-11.19 -7.47 -13.32
1.02 -7.40 0.72
-19.61 -14.47 -19.61
-0.54 -7.07 -0.79
-11.34 -8.53 -5.50
-6.71 -7.31 -5.56
-1.58 -8.74 0.09
-16.92 -8.72 -14.84
-1.23 -7.47 1.21
-19.61 -9.72 -9.81
0.74 -7.21 -3.85
-4.87 -6.69 -4.06
-7.56 -5.64 -8.21
0.18 -7.47 1.77
-19.61 -9.05 -19.61
1.14 -7.33 0.93
-18.03 -9.81 -13.98
-1.43 -7.93 -3.78
-3.11 -6.51 0.31
-15.94 -7.75 -18.26
2.66 -9.03 -0.54
-19.61 -13.60 -19.61
-2.51 -4.58 -0.59
-4.95 -7.21 -3.73
-5.28 -5.49 -8.20
2.21 -7.44 -1.55
-19.61 -14.44 -19.61
-0.37 -7.28 0.94
-19.61 -10.83 -17.64
-3.44 -7.26 -1.93
-3.91 -6.09 -2.54
-10.13 -7.08 -11.46
0.41 -8.64 0.92
-19.61 -6.42 -19.61
2.18 -7.34 2.96
-19.61 -12.08 -15.00
-3.27 -6.48 -1.95
-2.51 -6.36 -6.68
-6.30 -8.46 -10.00
0.08 -8.86 0.38
-19.61 -9.21 -19.61
0.93 -9.06 1.28
-16.82 -6.56 -17.61
-0.25 -7.03 -1.93
-2.59 -7.23 -1.93
-7.10 -4.96 -12.75
0.75 -9.92 1.58
-18.58 -8.50 -19.61
2.46 -7.69 -0.75
-8.80 -9.09 -9.70
-4.71 -7.26 -8.55
0.15 -9.60 -0.63
-16.36 -7.43 -19.61
2.38 -7.74 0.67
-15.21 -8.72 -16.03
-1.68 -6.82 -4.83
-0.09 -7.91 0.58
-15.31 -13.58 -19.61
3.20 -9.42 0.25
-19.61 -8.70 -19.61
0.75 -5.41 0.42
-6.22 -8.21 -5.58
-2.62 -7.21 -9.69
-0.17 -6.22 -0.66
-19.61 -11.21 -19.61
-0.20 -5.50 1.68
-18.38 -7.18 -19.61
-0.97 -6.27 -2.01
-1.75 -7.76 -3.84
-10.11 -7.13 -11.82
2.26 -8.90 0.83
-19.61 -11.90 -19.61
1.48 -6.67 0.25
-8.46 -6.82 -10.58
-5.15 -7.88 -3.26
1.30 -8.17 -4.58
-10.94 -8.98 -17.25
0.91 -8.67 2.79
-19.61 -8.38 -19.61
3.45 -7.10 -1.38
-12.94 -7.14 -12.55
-3.36 -6.77 -3.83
-3.87 -6.53 -0.72
-7.91 -10.91 -13.59
-0.15 -7.44 -0.53
-19.61 -9.26 -19.61
0.14 -6.51 -1.80
-19.56 -12.37 -7.09
-3.10 -6.52 -2.35
-5.92 -7.98 -4.95
-5.49 -8.46 -6.93
-1.66 -8.01 -0.40
-6.43 -4.52 -13.11
0.93 -7.87 0.09
-15.51 -6.27 -19.61
1.21 -9.45 -0.27
-19.61 -7.84 -19.61
-1.52 -7.78 -1.87
-7.04 -6.82 -6.35
-3.37 -7.98 -8.81
-1.21 -7.67 1.29
-18.76 -10.47 -19.61
-0.87 -8.01 0.76
-19.61 -7.86 -19.61
0.48 -8.30 -1.84
-8.78 -7.03 -7.39
-4.85 -9.15 -9.40
-0.10 -6.80 0.96
-18.52 -6.75 -19.61
1.81 -8.32 -0.61
-18.64 -7.24 -19.61
-1.60 -6.26 -2.45
-5.11 -5.43 -8.64
-6.13 -7.35 -5.38
-0.48 -8.75 -0.64
-9.70 -7.63 -19.51
1.75 -9.57 1.29
-19.61 -9.42 -19.61
3.49 -8.48 -2.85
-10.28 -5.52 -13.32
-1.50 -6.00 -5.36
-2.10 -6.36 0.97
-9.86 -8.38 -11.14
0.41 -7.54 1.81
-19.61 -11.25 -19.61
1.30 -7.68 1.19
-7.97 -6.82 -9.09
-4.45 -7.06 -6.35
1.62 -6.90 0.67
-18.77 -9.16 -19.61
0.76 -8.16 0.96
-18.75 -8.54 -19.61
-2.47 -6.38 -2.31
-2.94 -7.61 0.03
-9.02 -7.88 -13.71
-0.27 -8.33 2.25
-19.61 -11.94 -19.61
0.57 -7.14 -1.48
-4.90 -7.67 -7.93
-4.19 -9.31 -8.84
0.64 -5.16 -0.44
-19.61 -15.12 -19.61
3.42 -8.46 0.48
-16.78 -8.31 -13.26
-0.54 -8.09 -6.07
-1.16 -5.77 3.19
-19.61 -11.94 -19.61
1.01 -6.68 2.22
-16.93 -4.26 -13.26
-3.17 -7.72 -6.09
-2.72 -7.77 -0.18
-8.37 -5.75 -14.77
1.90 -9.10 -0.92
-19.61 -14.50 -19.61
-1.36 -7.18 -0.57
-10.90 -6.28 -5.81
-5.56 -9.94 -7.76
0.26 -8.11 -0.86
-19.61 -12.93 -19.23
1.97 -7.96 -1.48
-19.61 -11.30 -5.98
-1.46 -10.21 -1.32
-1.40 -6.74 -3.61
-9.67 -7.19 -12.14
0.86 -6.74 1.45
-19.61 -11.95 -19.61
-0.50 -8.17 -0.08
-19.03 -6.36 -17.68
-0.17 -5.29 -3.43
-6.75 -8.74 -3.23
-5.17 -6.01 -10.35
-0.15 -8.38 0.86
-19.61 -7.59 -19.61
0.06 -6.77 -0.32
-16.09 -10.55 -14.26
0.74 -6.83 -5.21
-0.72 -8.74 -2.22
-9.36 -7.07 -13.75
2.13 -7.34 0.03
-19.61 -16.92 -19.61
-2.26 -5.70 -1.40
-4.13 -8.49 1.01
-3.00 -0.76 -9.92
1.77 -7.71 1.02
-19.61 -10.32 -19.61
0.97 -7.02 0.34
-3.89 -8.41 -2.61
-7.51 -2.60 -8.10
0.36 -6.88 0.99
-19.61 -13.01 -19.61
1.10 -5.72 -0.48
-9.60 -10.95 -8.49
-4.98 -4.99 -8.55
1.55 -8.17 0.16
-19.61 -9.93 -19.61
2.93 -6.45 -0.17
-9.43 -10.08 -6.80
-3.69 -5.73 -5.58
-0.25 -8.95 0.04
-8.45 -8.41 -17.68
1.15 -8.98 1.08
-19.61 -13.53 -19.61
1.09 -4.83 -0.64
-10.51 -10.06 -8.78
-2.89 -5.02 -6.90
-1.05 -6.73 -3.22
-7.84 -7.63 -12.62
0.83 -7.22 0.76
-19.61 -4.78 -19.61
0.94 -7.51 1.14
-12.15 -9.21 -13.59
-1.86 -6.34 -4.44
-2.13 -6.28 -0.69
-16.86 -11.66 -18.91
1.52 -6.99 0.12
-19.61 -8.23 -13.97
1.57 -7.34 -5.15
-3.51 -5.88 -4.00
-7.12 -9.57 -12.88
1.08 -6.93 0.03
-19.61 -15.05 -19.61
1.58 -5.00 -0.61
-9.38 -8.84 -10.95
-5.85 -8.12 -6.92
0.96 -6.85 -1.09
-16.14 -11.66 -19.14
0.93 -5.87 0.12
-19.61 -13.53 -19.61
-0.96 -5.63 0.08
-2.91 -7.89 -4.29
-3.67 -6.98 -12.94
2.99 -5.16 -0.36
-19.61 -11.75 -19.61
-0.69 -4.58 0.20
-8.88 -8.89 -12.56
-1.48 -8.18 -9.36
1.36 -6.10 1.20
-14.68 -17.04 -19.61
-0.27 -4.11 4.11
-19.50 -7.58 -19.61
4.73 -2.26 8.82
-6.67 -1.60 -10.68
0.17 0.39 -4.02
2.44 -4.34 3.14
-5.70 -0.55 -19.61
7.37 -0.91 -1.85
-16.46 -3.42 -16.93
1.19 -0.03 -1.41
-0.01 -0.93 -2.36
-1.37 0.62 -12.85
4.94 -3.86 0.58
-9.26 -3.93 -19.61
2.22 -2.52 2.03
-16.63 0.68 -19.61
4.81 -0.21 -1.37
-3.25 -0.64 -7.79
-0.63 0.93 -7.60
1.87 -1.33 1.81
-9.87 -3.57 -19.61
1.22 -1.10 1.67
-11.31 -1.30 -10.84
2.20 -1.48 -5.50
-2.99 -2.90 -7.43
1.04 2.13 -8.37
3.24 -1.02 -1.14
-7.53 -2.60 -19.61
3.25 -1.76 -1.13
-12.22 -2.09 -19.61
1.50 0.42 -2.75
-4.16 -2.12 -7.84
0.87 0.92 -7.49
4.23 0.34 -0.05
-15.67 -5.12 -19.61
5.11 -2.42 1.66
-11.85 -2.51 -16.33
2.77 1.03 -2.62
-1.10 -1.35 -3.03
-2.20 0.68 -16.06
1.20 -3.14 0.31
-4.47 -2.79 -7.76
-10.35 -6.91 -12.21
1.99 1.56 -2.89
-1.15 -2.17 -4.51
-3.56 -6.85 -15.97
-0.65 -1.47 -5.16
-2.02 -0.27 -2.17
-7.10 -5.99 -19.61
3.45 -0.11 -1.90
1.19 -2.85 -4.81
-6.31 -3.96 -18.51
-0.84 -0.22 -5.41
0.37 -0.11 0.85
-8.80 -1.28 -18.07
-0.70 -0.34 -10.47
2.24 0.61 0.82
-8.36 -4.14 -11.31
-5.12 -4.85 -11.16
1.47 2.42 0.11
-7.85 -4.05 -11.41
-1.08 -3.43 -12.81
1.55 0.96 0.26
-7.09 -0.01 -12.33
-4.20 1.75 -9.61
4.86 -4.47 -4.61
-9.42 -7.83 -12.67
1.91 -0.48 -6.49
0.74 -1.51 -1.45
-9.09 -4.26 -19.61
0.86 0.48 -6.57
0.94 -3.02 -1.91
-9.71 -4.53 -18.92
2.11 -1.75 -6.67
-1.42 -5.17 -3.35
-6.57 -4.42 -18.19
3.16 0.01 -2.77
-2.17 -4.05 -7.06
-3.69 -3.42 -14.83
0.28 0.40 -0.06
-5.20 -4.45 -7.90
-3.06 -3.69 -12.14
2.25 0.52 1.05
-5.10 -4.29 -7.54
-2.50 -2.41 -16.63
4.51 -0.05 -1.33
0.68 -3.28 -4.84
-4.64 -1.26 -19.61
0.73 -0.40 -1.73
-1.21 -1.88 -3.36
-4.66 -5.64 -19.61
1.61 2.63 -1.89
-3.41 -3.87 -3.34
-1.28 -4.81 -18.88
3.87 0.24 -0.78
-2.14 0.44 -6.46
-1.55 -1.82 -13.45
2.64 1.04 -0.26
-3.50 1.13 -8.75
-2.22 0.00 -14.17
3.07 -0.53 0.39
-7.57 -2.43 -10.21
2.74 -1.23 -12.51
1.89 2.34 1.72
-5.89 -0.90 -10.70
-1.28 -3.60 -10.59
4.30 0.40 0.49
-8.14 -4.23 -16.35
1.60 1.26 -8.72
2.43 -1.19 0.52
-18.33 -9.05 -19.61
0.08 -1.39 -2.76
1.93 0.45 -2.07
-8.85 -5.56 -19.61
1.45 1.23 -1.97
-1.27 -2.02 -2.04
-4.72 -6.04 -18.26
2.86 0.05 -0.96
-0.80 -0.92 -2.20
-4.99 -4.34 -19.61
1.65 1.21 0.85
-3.98 -2.84 -8.32
0.77 4.48 -15.64
2.49 0.98 2.33
-10.15 -3.37 -12.38
-2.92 -0.08 -11.93
3.33 0.94 -0.13
-6.20 0.47 -12.39
-0.97 1.41 -9.36
1.92 -0.50 0.27
-9.02 -2.28 -15.82
-0.83 -1.53 -8.98
1.94 1.19 1.31
-5.90 -3.05 -16.00
1.38 -1.06 -8.77
3.17 1.01 1.81
-9.44 -4.00 -19.61
1.40 0.10 -8.08
2.44 0.04 3.35
-7.44 -1.43 -19.61
-0.96 3.34 -6.78
2.17 0.71 4.52
-9.49 -3.34 -19.61
-1.54 1.10 -5.00
2.32 1.20 1.14
-9.91 -1.48 -19.61
1.32 2.70 -4.10
2.01 0.86 0.29
-8.60 -7.16 -19.61
0.35 1.79 -1.41
-1.29 -0.68 -2.83
-3.59 -3.33 -19.61
1.95 1.36 -0.63
-5.71 -1.67 -6.79
-4.19 0.77 -13.53
3.58 0.03 0.28
-7.40 -4.04 -9.12
-3.31 -4.60 -16.67
2.05 2.00 0.57
-9.59 -2.25 -11.85
-2.06 -0.17 -10.15
1.39 0.75 -0.12
-7.18 -4.59 -17.02
-0.36 0.99 -7.64
1.28 0.42 0.62
-6.27 -5.61 -19.61
-0.25 2.10 -2.82
-2.75 -0.81 -1.86
-1.81 -3.89 -19.61
0.82 1.24 -2.45
-2.91 -1.35 -4.10
-0.38 0.77 -16.89
2.88 0.67 -0.40
-8.09 -0.23 -9.36
0.81 3.57 -13.21
3.19 -1.29 0.65
-11.49 -2.64 -12.65
-0.27 1.81 -9.53
0.63 -1.81 -0.25
-8.98 3.06 -19.61
0.89 1.82 -4.60
0.80 -0.47 -1.03
-9.47 -9.36 -17.72
2.29 1.32 -1.36
-3.31 0.31 -7.20
-0.55 1.49 -13.76
5.29 0.34 0.33
-14.79 -4.02 -17.67
-1.92 0.98 -4.86
-1.44 -1.25 -1.87
-9.03 -2.43 -19.61
3.45 0.88 -0.32
-4.30 -3.26 -6.35
-2.72 0.23 -14.11
2.38 1.06 0.47
-8.32 -1.71 -14.00
1.22 0.72 -7.31
1.23 -0.34 0.99
-11.84 -1.25 -19.61
0.42 -0.34 -6.53
2.14 -0.25 -0.98
-9.90 -2.05 -19.61
1.78 1.23 -4.02
-1.00 -0.17 -1.35
-7.62 -7.51 -19.61
2.76 1.61 -3.63
-2.13 0.51 -2.37
-6.27 -5.58 -17.26
1.81 -0.68 -0.63
-7.66 -0.46 -11.22
-2.10 0.86 -11.93
0.75 0.95 0.12
-8.04 -1.50 -12.40
0.38 0.11 -8.62
2.89 -1.42 1.42
-5.12 -0.93 -19.61
0.37 0.92 -3.06
-0.57 -0.91 -1.69
-1.28 0.21 -19.61
4.29 -0.87 0.09
-3.63 -2.66 -12.06
-0.18 2.12 -10.32
1.79 -0.39 1.58
-12.24 -0.91 -19.61
6.08 -0.54 -2.76
-0.76 0.57 -2.75
-3.37 -8.83 -19.61
2.55 3.69 -1.90
-4.09 -1.79 -5.46
-0.01 -3.80 -14.48
1.79 1.39 0.92
-12.39 -4.50 -13.22
0.89 1.53 -4.63
0.32 -0.08 -0.65
-9.61 -4.90 -19.61
1.53 2.41 -1.61
-2.12 -0.51 -3.16
-3.25 -1.29 -19.61
7.19 -2.46 1.90
-6.80 -2.62 -10.83
-0.22 1.36 -9.50
1.69 0.72 2.09
-14.58 -5.93 -19.61
5.32 -1.42 -2.50
1.75 0.59 0.67
-11.29 -4.36 -19.61
2.67 2.62 0.55
-2.18 -1.66 -3.30
1.71 -5.71 -14.00
2.76 -0.20 0.73
-12.09 1.12 -15.97
-0.62 0.06 -12.56
2.35 -0.80 3.70
-13.72 -0.69 -19.61
4.44 2.59 -2.21
-0.46 -0.05 -2.07
-3.22 -0.59 -14.43
0.62 -0.25 1.65
-6.19 -0.76 -10.60
0.65 -1.38 -6.90
3.61 -1.46 0.28
-14.45 -11.19 -19.61
1.53 2.31 -3.58
-1.50 -0.45 -0.51
-8.94 -11.23 -19.61
1.44 -0.23 -1.23
0.94 -0.68 -4.79
-4.03 -2.11 -13.66
0.51 -0.01 0.94
-9.37 -0.57 -16.64
1.98 0.28 -6.80
3.05 -2.37 -0.21
-6.47 -0.42 -19.61
1.53 0.59 1.32
-7.45 -3.60 -8.71
0.45 1.00 -8.31
3.77 -1.72 -0.31
-15.86 -5.32 -19.61
0.14 -0.39 -1.12
-3.27 -0.97 -1.28
-4.71 -2.21 -12.89
6.51 -2.47 -0.79
-12.07 -2.48 -19.61
0.20 1.18 -3.10
-3.35 -1.51 -2.32
-1.28 -1.57 -15.36
5.37 0.24 0.01
-14.50 -7.19 -19.61
1.75 1.47 -2.16
-2.87 -0.38 -5.32
0.84 -2.06 -12.74
4.51 -1.18 -0.09
-13.53 -3.20 -17.34
-0.22 -0.75 -3.90
-1.30 -1.23 -2.62
-2.72 -2.02 -13.44
3.11 0.56 0.34
-13.16 -4.31 -19.61
-0.72 2.79 -6.69
-0.35 -1.23 -0.83
-9.96 -2.07 -19.61
5.72 -0.62 -2.17
-3.84 -2.24 -6.85
-2.79 0.57 -11.20
4.06 0.36 1.19
-9.51 -3.90 -17.11
0.90 0.49 -6.26
2.35 1.38 0.73
-15.68 -7.46 -19.61
1.99 -0.79 -0.68
-3.35 -1.49 -4.00
-0.89 -2.05 -16.27
1.85 3.12 0.68
-8.98 -4.91 -10.49
1.46 -1.15 -9.51
2.48 0.17 0.60
-14.97 -3.81 -19.34
1.09 -1.69 -6.96
1.00 -0.34 0.52
-16.76 -2.19 -19.61
3.27 0.53 -0.91
-0.29 -2.41 -5.07
0.95 -2.03 -13.57
2.53 1.32 -0.20
-12.34 -2.13 -16.05
0.39 0.39 -3.47
0.81 -1.86 -0.06
-6.00 -1.21 -19.61
5.97 -1.55 0.47
-13.13 -0.02 -19.61
0.85 -0.66 -2.46
-4.30 -2.20 -6.11
-1.34 -1.59 -9.89
2.11 1.72 0.17
-12.69 -5.52 -19.61
1.33 0.98 -2.82
-1.76 -3.55 -3.55
-2.67 -0.09 -14.61
5.09 -3.32 1.33
-9.63 -0.79 -10.67
-0.13 -2.98 -7.32
4.12 1.07 -0.62
-8.94 -4.78 -19.61
2.63 0.57 0.20
-3.80 -3.31 -3.71
3.79 -2.59 -11.75
3.28 0.79 1.13
-18.49 -8.10 -19.61
1.98 -0.48 -1.13
0.91 0.41 -0.25
-2.10 -2.92 -18.29
4.75 -1.29 0.50
-12.84 -0.82 -14.61
0.29 -1.62 -6.62
4.01 -0.20 0.39
-15.38 -2.41 -19.61
3.28 -0.52 3.06
-3.82 -2.27 -4.93
1.94 -0.77 -19.36
3.75 0.26 2.18
-13.76 -1.68 -19.47
1.69 -0.14 -4.67
1.23 0.63 1.21
-2.50 -0.95 -19.61
6.09 -3.86 -0.49
-7.54 3.44 -7.25
-0.41 -0.28 -10.36
2.72 0.52 3.07
-14.49 -1.78 -19.61
4.50 -2.46 -4.73
1.24 1.59 -2.03
-6.21 -4.45 -17.69
1.84 1.58 1.72
-9.73 -4.39 -12.82
2.73 -1.67 -4.92
0.99 -0.82 -1.01
-2.87 -7.93 -16.06
1.29 2.72 -0.46
-9.92 -3.90 -13.49
2.72 0.35 -9.69
2.72 -1.22 0.07
-11.58 -5.33 -19.61
3.03 1.00 -0.75
-0.21 -2.59 -2.75
-3.73 -4.64 -13.17
3.61 0.36 -0.18
-11.57 -3.19 -19.61
1.52 -0.74 -2.94
1.16 -4.61 -5.31
-3.90 -0.11 -14.60
4.20 0.66 1.30
-15.57 -5.16 -19.55
0.77 0.06 -4.42
2.54 -2.06 -1.27
-8.62 -4.51 -19.61
2.58 1.60 0.22
-0.50 -4.47 -4.42
1.40 -3.44 -12.89
1.57 1.36 3.67
-16.82 -6.43 -15.57
0.75 -0.97 -4.65
3.76 -0.82 -0.16
-12.34 -4.82 -19.61
1.01 1.18 -1.00
-0.93 -1.28 -0.82
-0.02 -0.78 -17.40
4.43 -0.06 1.08
-19.61 0.67 -14.07
2.74 1.38 -5.77
3.04 -0.38 -0.13
-9.29 -2.86 -19.61
3.35 0.27 1.28
-10.30 -3.25 -13.36
2.59 -0.11 -4.00
1.76 -1.28 -1.25
-1.39 3.35 -17.89
2.73 -0.20 0.62
-11.48 -1.63 -19.61
3.65 1.17 -0.75
-3.13 -2.43 -8.13
0.97 0.87 -8.13
3.22 -1.14 1.16
-3.00 -15.12 -19.61
4.98 1.04 0.22
-15.79 -7.23 -19.61
2.38 -1.16 -2.52
1.10 -0.26 -2.39
-2.66 -5.18 -19.61
3.23 2.51 1.00
-10.73 -5.62 -8.94
-0.18 0.26 -6.67
1.99 2.64 0.82
-11.96 -2.96 -19.61
2.72 -0.41 1.10
-5.33 -1.77 -7.02
0.40 1.56 -6.46
4.42 -1.18 -0.27
-5.12 -5.15 -19.61
1.00 -1.54 0.71
-6.99 0.81 -10.13
1.56 -1.30 -5.26
2.16 -1.08 -0.03
-2.87 -2.66 -19.34
2.04 0.28 2.18
-12.67 -5.03 -7.93
2.77 -2.28 -5.91
4.16 -0.05 0.84
-10.51 -5.92 -19.61
0.55 1.73 3.97
-0.42 -1.75 -5.22
4.91 -1.06 -16.47
2.58 0.86 3.02
-13.10 -3.17 -19.61
0.00 1.06 -7.68
2.61 -0.17 3.23
-1.05 -5.41 -19.61
3.74 2.33 1.49
-15.57 1.18 -19.45
0.73 -0.23 -7.68
1.20 1.26 2.51
-0.92 -5.83 -15.64
1.04 3.89 4.91
-11.72 -6.94 -19.61
1.83 1.40 -4.02
-0.43 -0.64 -5.35
3.06 -2.60 -0.03
-8.45 -4.25 -19.61
3.74 -2.05 1.73
-11.32 -4.86 -12.36
-2.86 -1.29 -8.69
4.30 -2.40 -0.85
-3.87 -1.76 -19.61
-0.15 -1.36 -2.74
-1.53 -2.55 -1.51
-5.88 -1.87 -19.61
2.86 -1.02 -0.60
-4.78 -2.64 -8.74
0.41 -1.56 -7.99
0.14 -1.35 1.08
-10.79 -4.25 -19.61
3.20 0.15 -2.71
-2.96 -2.67 -4.25
-2.73 -2.34 -13.45
2.75 -1.63 -0.75
-9.64 -7.33 -16.91
