1.59 -1.19 12.68
-0.17 -6.48 7.24
1.27 -10.17 3.13
-0.04 -9.99 5.67
12.11 -6.44 3.32
6.65 -4.28 -5.99
9.10 -3.96 -3.50
5.25 0.88 -8.18
4.58 0.34 -5.30
6.84 -8.49 0.83
9.43 -3.71 -14.49
0.32 1.15 -1.06
-0.87 -2.47 -6.96
0.73 0.96 -5.40
0.19 -1.36 -11.46
0.82 -6.91 -2.74
-0.69 -1.09 -10.92
-1.66 -0.11 -8.21
-1.79 -0.13 -7.31
3.30 -2.11 -9.60
1.79 0.57 -7.19
3.48 -11.36 -2.60
2.38 -0.84 -6.74
-0.92 -6.91 2.65
-0.03 0.76 -7.70
-3.07 -0.95 -8.21
1.40 -2.06 -9.47
-0.35 -1.75 -4.36
0.71 -0.86 -8.82
2.00 -3.60 -8.65
0.98 -5.83 -6.97
3.31 -2.42 -9.41
0.13 -1.79 -8.03
-0.72 -4.59 -7.16
-0.13 -4.53 -8.35
-0.49 -4.53 -7.10
-0.73 -2.91 -7.06
-1.25 -4.50 -7.43
0.09 -4.69 -6.80
3.02 -9.69 -3.95
3.43 -8.41 2.71
3.04 -7.67 5.95
3.18 -5.15 10.54
6.60 -3.24 8.64
8.00 -4.37 6.86
7.27 -4.41 6.93
6.64 -1.95 7.97
5.44 -4.18 7.41
5.49 -8.30 7.62
5.06 -7.46 3.91
8.78 -9.47 4.46
2.85 -3.18 3.68
8.82 -12.46 1.97
4.49 -9.77 -0.47
2.75 -10.23 -0.52
2.02 -11.55 0.15
2.78 -8.30 -1.57
3.34 -6.56 -3.04
2.45 -8.95 -1.41
3.81 -8.88 -1.15
5.62 -11.17 3.62
3.18 -7.54 2.02
4.04 -11.32 -0.06
4.42 -8.86 -0.09
3.84 -8.56 0.21
2.31 -6.95 2.45
6.34 -11.70 1.18
6.54 -10.16 -1.48
3.83 -8.12 -3.89
5.67 -8.02 -1.72
4.49 -9.21 -3.78
1.91 -6.85 -1.60
2.85 -10.08 -4.26
2.34 -8.88 -0.85
2.44 -8.20 -1.83
0.58 -11.22 0.62
3.16 -10.89 0.27
3.31 -9.38 -6.43
-1.07 -5.53 -4.25
-4.21 -5.67 -4.36
-4.47 -6.38 -4.75
0.81 -5.79 -8.32
-0.60 -8.90 -1.59
-6.11 -6.17 -0.65
-7.40 -7.26 -2.39
-0.69 -8.08 -4.93
-3.62 -5.18 -5.39
-2.59 -9.14 -3.67
4.17 -8.67 -0.22
7.14 -1.60 5.71
4.34 -3.72 9.02
7.94 -10.75 10.83
6.30 -7.12 7.82
6.23 -6.30 6.83
6.13 -6.63 7.35
7.95 -4.92 5.64
8.27 -5.22 4.01
9.57 -4.87 6.03
8.86 -3.85 4.57
8.54 -3.72 4.88
9.52 -4.89 5.55
8.89 -6.28 4.97
6.13 -7.88 4.36
4.21 -11.92 0.78
-2.30 -9.61 -1.09
-4.02 -6.16 0.21
-6.03 -7.63 0.76
-5.40 -7.16 -0.42
-5.42 -6.43 -0.45
-4.30 -7.69 -2.19
-2.58 -9.41 -1.99
0.26 -9.89 -0.49
2.26 -10.31 -0.61
3.28 -9.07 0.74
4.90 -9.62 0.68
6.90 -8.49 1.41
7.04 -8.27 2.35
8.18 -6.19 4.97
7.43 -5.08 6.39
7.22 -5.75 5.92
6.61 -7.56 4.58
7.54 -7.27 4.67
7.17 -7.45 4.92
7.28 -5.49 4.47
7.69 -6.29 5.16
7.85 -5.71 5.72
7.25 -5.32 6.83
7.02 -4.64 5.85
7.18 -5.59 6.35
7.04 -5.34 6.28
6.37 -3.16 5.62
9.33 -5.71 6.15
5.69 -6.12 4.81
5.62 -7.69 3.02
7.63 -7.53 3.28
9.11 -5.86 3.81
7.81 -5.15 3.64
8.01 -5.19 3.92
8.53 -5.17 4.18
7.98 -6.73 3.38
5.19 -7.28 2.66
4.37 -9.34 2.21
3.57 -8.35 2.38
2.09 -8.92 1.06
2.60 -8.52 0.99
2.39 -9.04 0.96
2.06 -9.18 0.58
2.23 -9.51 0.88
1.95 -9.88 2.14
2.50 -11.26 2.10
2.38 -10.86 1.86
1.24 -8.74 1.01
1.39 -10.50 -0.17
-0.70 -8.79 1.49
-0.20 -9.30 3.20
-0.80 -10.03 0.93
-1.20 -8.98 1.73
-1.41 -9.13 0.74
-0.99 -10.03 1.75
1.07 -11.96 2.47
-0.01 -9.86 3.54
1.90 -9.55 0.40
1.75 -9.07 1.97
2.42 -11.19 2.11
2.90 -9.51 2.42
2.72 -9.20 3.32
3.35 -9.62 3.36
3.21 -8.58 3.25
2.89 -9.21 4.13
2.76 -9.38 3.42
2.48 -9.22 3.65
3.44 -9.87 2.89
3.51 -9.02 2.73
3.58 -9.50 2.24
3.61 -8.21 2.43
4.17 -8.62 2.47
4.05 -9.38 1.52
5.92 -8.17 1.66
5.45 -8.71 2.39
3.35 -8.43 0.55
5.10 -8.07 0.64
6.19 -7.70 0.38
7.79 -7.68 0.34
5.29 -7.54 -1.54
5.55 -8.40 0.40
5.99 -7.72 1.60
6.29 -8.27 2.12
5.53 -8.58 1.40
5.11 -8.15 1.25
5.16 -8.43 0.78
4.02 -8.35 0.48
3.69 -8.91 1.40
2.99 -12.02 0.85
3.20 -12.61 0.56
1.97 -9.89 1.18
1.39 -9.71 0.80
3.00 -10.25 -0.71
2.11 -12.57 -2.66
1.43 -7.30 -1.52
1.57 -11.47 -1.20
3.28 -9.47 -0.60
0.99 -9.62 -0.74
1.50 -9.54 -0.43
1.10 -9.65 -0.43
0.95 -9.09 -0.37
1.39 -9.42 -0.49
0.35 -9.50 -0.22
0.02 -9.97 -1.87
2.03 -8.81 -0.06
1.06 -10.56 -2.20
0.44 -9.37 -1.17
0.16 -9.74 -1.15
0.28 -9.29 -0.64
0.34 -9.89 -0.69
0.44 -9.58 -0.73
1.10 -9.55 -0.39
0.62 -9.87 -0.84
0.58 -9.89 -0.52
0.62 -9.75 -0.62
0.43 -9.51 0.26
1.28 -8.09 0.82
2.98 -11.70 1.06
3.25 -8.75 2.30
3.79 -10.06 2.54
2.01 -9.54 2.57
1.65 -9.49 2.47
1.88 -10.23 3.21
1.60 -9.08 2.02
3.06 -10.10 1.28
3.01 -10.40 0.91
3.08 -8.80 2.14
4.05 -9.04 2.10
3.70 -9.30 2.08
4.05 -9.43 2.76
4.02 -9.33 2.74
3.57 -9.08 2.52
3.45 -8.79 2.34
5.20 -9.49 2.58
5.82 -8.47 3.69
7.07 -8.22 4.45
7.62 -6.48 4.37
8.73 -5.98 4.50
7.77 -4.94 4.74
7.60 -3.90 4.70
8.26 -4.05 6.49
9.20 -3.27 5.20
9.15 -2.39 4.78
9.94 -1.79 5.32
9.40 -0.64 4.35
9.16 -0.77 4.22
9.92 -1.46 2.89
9.82 -0.82 2.91
10.93 -0.80 3.27
10.25 -1.03 3.03
9.78 -0.45 1.83
10.07 -0.25 2.47
10.88 -0.40 2.87
9.69 -0.75 3.29
9.72 -1.19 3.85
9.77 -1.13 4.34
9.68 -1.02 3.75
9.30 -1.16 3.74
9.82 -0.68 3.32
10.22 -0.06 2.50
10.40 -0.60 2.93
10.08 0.02 2.75
10.12 -0.53 2.80
10.20 -0.15 2.40
9.72 -0.56 3.71
9.80 -0.52 4.75
8.83 -0.85 4.48
9.37 -1.55 4.90
9.13 -1.69 3.66
9.66 -1.13 3.51
10.24 -1.03 2.15
10.08 -0.30 1.71
10.53 -0.67 2.40
9.47 -1.41 3.03
9.36 -0.39 3.41
9.57 -0.89 3.61
10.45 -1.37 4.25
10.29 -1.19 4.34
9.42 -0.73 3.52
9.71 -0.86 3.90
9.74 -1.55 2.50
9.91 -1.39 3.52
9.96 -0.95 2.51
10.22 -1.47 2.32
10.03 -1.45 2.30
10.00 -1.42 2.29
9.88 -1.29 2.55
10.01 -1.29 2.27
10.02 -1.33 2.19
10.00 -1.31 2.30
10.08 -1.39 2.38
9.71 -1.13 2.38
9.96 -1.29 2.34
9.75 -1.25 2.73
9.90 -1.04 2.87
9.81 -0.93 2.80
9.97 -1.21 3.67
9.25 -1.39 3.42
9.28 -2.49 3.31
10.50 -1.40 2.74
9.69 -0.78 2.49
10.24 -1.68 2.14
9.79 -1.21 1.61
10.70 -1.15 2.03
9.89 -1.30 2.64
9.63 -1.89 2.70
9.85 -1.97 2.68
9.75 -2.01 2.86
9.83 -1.90 2.94
9.74 -1.92 3.06
9.76 -2.00 3.17
9.75 -1.82 3.14
9.67 -1.91 3.08
9.67 -1.96 3.37
9.79 -1.61 3.34
9.60 -1.06 3.79
9.52 -1.51 4.22
9.39 -0.96 3.75
10.12 -0.87 3.88
9.63 -0.66 3.17
10.02 -0.68 2.70
10.15 -0.52 1.99
10.25 -0.35 2.39
10.13 -0.34 2.09
10.03 -0.25 2.21
9.86 -0.46 2.57
9.95 -0.48 2.80
9.88 -0.34 2.89
9.92 -0.55 3.25
9.77 -0.64 3.57
9.84 -0.87 3.79
9.95 -0.62 3.54
9.73 -0.36 3.38
9.62 -0.60 3.26
10.17 -0.90 3.55
9.77 -0.34 3.32
9.84 -0.62 3.33
9.81 -0.83 3.46
9.81 -0.84 3.62
9.66 -0.58 3.28
10.01 -0.67 3.57
9.96 -0.39 3.51
9.80 -0.50 3.34
9.91 -0.91 3.41
9.90 -0.80 3.49
9.77 -0.55 3.45
9.87 -0.55 3.46
9.85 -0.78 3.50
9.83 -0.83 3.44
9.83 -0.58 3.50
9.92 -0.52 3.53
9.84 -0.63 3.66
9.64 -0.53 3.62
9.92 -0.52 3.68
9.79 -0.43 3.70
9.81 -0.56 3.65
10.03 -0.51 3.66
9.73 -0.61 3.91
9.83 -0.38 3.81
9.36 -0.25 3.99
9.91 -0.23 4.09
9.78 -0.22 4.06
9.50 0.10 3.81
9.73 0.13 3.86
9.75 0.00 3.91
9.95 -0.17 3.64
9.85 0.13 3.81
9.95 0.16 3.96
9.74 0.15 3.50
9.84 0.22 3.89
9.75 0.05 3.67
9.60 -0.20 3.43
9.76 -0.31 3.70
9.63 -0.29 3.11
9.91 -0.55 3.37
10.20 -1.05 2.84
10.09 -1.37 2.52
9.67 -2.69 2.22
10.06 -3.01 2.79
9.16 -3.53 1.98
9.68 -4.54 2.05
8.58 -6.10 0.53
7.14 -7.18 -0.00
5.19 -7.94 -0.06
3.11 -8.60 -0.74
2.39 -9.79 -0.17
1.62 -9.99 1.50
1.12 -10.05 3.54
0.25 -9.37 3.83
-0.10 -10.03 4.25
-1.38 -8.77 4.64
-1.32 -9.29 4.64
-1.27 -9.55 3.75
-0.44 -9.87 3.90
-0.87 -9.67 2.83
-1.18 -9.12 1.81
0.19 -10.22 1.56
0.33 -10.13 0.16
-0.09 -9.77 1.21
0.02 -9.62 1.28
-0.95 -8.81 -0.13
-1.80 -9.43 0.14
-1.14 -9.88 -0.04
-0.77 -10.25 1.70
-0.03 -10.34 0.39
0.32 -10.07 -0.26
0.17 -9.86 0.08
0.77 -8.94 -1.70
1.04 -9.41 -2.55
0.83 -8.71 -2.06
3.40 -7.03 -3.82
4.91 -6.98 -4.44
5.16 -5.69 -5.62
8.44 -4.43 -4.64
7.28 -4.14 -4.74
8.58 -3.84 -2.18
10.46 -3.05 -1.36
8.94 -3.61 -0.85
8.87 -4.38 0.35
8.84 -4.57 0.18
8.95 -4.98 -0.11
7.90 -4.89 -3.15
8.32 -3.79 -1.61
8.88 -4.34 1.18
11.26 -5.46 1.56
7.62 -5.08 -3.59
6.75 -5.95 -2.49
6.29 -5.69 -4.17
5.32 -5.35 -4.83
4.93 -5.07 -5.20
5.44 -4.61 -5.13
5.90 -5.11 -5.42
5.33 -3.82 -6.07
4.51 -4.26 -5.99
5.42 -4.69 -5.90
5.66 -4.87 -5.58
5.01 -5.22 -5.07
6.28 -5.20 -5.58
5.71 -5.01 -5.22
5.69 -5.15 -4.93
5.82 -6.14 -4.74
5.89 -5.35 -4.75
6.89 -4.92 -4.81
6.19 -4.83 -4.26
6.04 -4.83 -4.36
6.79 -4.44 -5.46
6.07 -5.54 -5.06
5.66 -4.91 -4.76
5.22 -5.21 -5.08
4.96 -5.26 -4.07
6.60 -4.31 -4.84
5.53 -4.51 -4.21
5.25 -4.85 -5.53
6.70 -5.39 -6.72
5.20 -5.27 -5.68
4.59 -5.09 -5.98
5.02 -5.19 -5.67
5.03 -4.99 -6.48
5.14 -5.25 -5.78
5.38 -5.75 -5.44
4.85 -5.27 -5.26
5.00 -5.11 -5.72
5.73 -5.30 -5.36
4.99 -5.78 -4.61
5.20 -5.50 -5.96
5.26 -5.11 -5.82
5.94 -5.38 -4.61
5.47 -6.17 -4.99
5.64 -5.81 -4.50
6.27 -5.62 -5.08
5.48 -6.17 -5.64
5.33 -4.81 -5.96
4.39 -3.98 -5.21
4.29 -4.89 -5.08
4.59 -5.18 -5.22
4.97 -4.24 -5.81
4.47 -5.41 -6.04
5.06 -4.71 -7.58
5.15 -4.03 -5.91
5.02 -3.39 -6.48
4.02 -3.38 -5.51
6.32 -5.51 -6.30
5.39 -4.05 -5.78
5.33 -4.03 -5.61
5.76 -4.37 -5.25
4.84 -4.31 -6.90
6.10 -5.64 -4.38
5.35 -3.71 -7.93
5.49 -6.29 -3.61
5.79 -5.50 -5.24
7.78 -5.45 -5.53
9.06 -6.62 -1.80
7.56 -6.78 -2.49
4.79 -7.66 -3.40
2.22 -7.65 -3.59
-0.87 -8.11 -2.38
-1.42 -10.92 -0.32
-1.58 -6.37 -2.36
-0.98 -8.02 -0.16
0.48 -10.71 1.18
0.09 -11.83 0.58
0.77 -9.10 0.94
0.79 -9.38 3.02
0.25 -10.20 3.98
-0.63 -9.91 4.83
-0.37 -9.53 4.65
0.55 -8.95 3.60
-0.27 -10.45 4.73
1.02 -8.42 6.78
-0.10 -10.10 6.49
0.82 -10.79 2.82
0.30 -9.13 3.15
0.90 -9.42 4.36
0.28 -10.22 4.13
-0.31 -10.26 4.10
0.59 -8.86 3.99
-0.44 -8.87 4.07
0.01 -9.77 5.09
-1.26 -8.88 4.44
-0.68 -9.18 5.27
-0.75 -9.12 5.32
-0.52 -8.73 5.75
-0.68 -8.84 5.61
-0.53 -8.87 5.47
-0.56 -8.92 5.52
-0.62 -9.16 5.40
-0.66 -9.07 5.36
-0.59 -9.12 5.10
-0.61 -9.10 5.20
-0.50 -9.07 5.30
-0.61 -9.09 5.22
-0.49 -9.11 5.28
-0.50 -9.16 5.22
-0.42 -9.02 5.30
-0.32 -9.25 5.28
-0.57 -11.92 4.58
-1.08 -8.94 1.41
-1.87 -10.50 0.25
-2.40 -9.47 -0.80
-3.92 -8.72 -0.56
-4.55 -7.28 -1.21
-4.93 -7.25 -1.78
-5.29 -7.04 -2.47
-5.43 -7.42 -2.75
-5.39 -7.00 -2.37
-5.48 -7.36 -2.43
-5.61 -6.83 -2.36
-5.59 -7.38 -2.85
-5.26 -6.58 -2.65
-5.07 -6.99 -3.06
-4.32 -7.34 -3.67
-5.24 -7.61 -0.85
-5.57 -6.59 0.33
-5.24 -8.19 0.36
-1.19 -8.36 0.24
-1.28 -11.97 2.03
2.55 -10.59 2.83
1.67 -10.79 4.85
-0.51 -9.00 5.59
0.59 -8.44 6.58
-0.79 -7.66 6.59
-0.57 -8.52 6.02
-1.05 -11.16 5.36
0.72 -7.81 4.43
-0.11 -12.54 7.97
1.64 -7.37 3.23
1.46 -10.03 7.24
1.52 -5.97 5.12
2.85 -5.93 5.42
3.23 -4.47 2.93
2.19 -5.19 4.56
0.02 -8.62 5.82
1.16 -7.35 6.04
0.23 -10.35 5.80
-0.32 -8.87 4.66
1.04 -9.03 6.31
0.31 -8.30 5.97
-0.16 -9.48 4.19
0.18 -9.62 4.59
0.49 -8.79 6.08
-0.64 -8.80 5.58
0.52 -9.06 5.23
-0.04 -10.48 4.51
0.56 -8.71 5.91
0.03 -9.06 5.42
-0.18 -9.08 4.83
0.05 -9.24 4.80
-0.42 -9.34 4.46
0.23 -8.79 5.29
0.24 -8.48 5.84
-0.01 -9.05 5.24
0.15 -9.16 4.78
0.39 -8.99 4.65
0.78 -8.52 6.46
-0.45 -8.83 6.05
0.77 -9.11 5.37
0.04 -9.41 4.87
0.38 -8.99 5.54
0.42 -8.41 6.55
-0.59 -9.54 5.50
0.38 -9.21 5.33
0.18 -9.41 4.51
0.04 -9.35 4.87
0.52 -9.13 5.49
-0.28 -9.06 5.34
0.38 -9.23 5.18
0.51 -9.35 4.93
-0.04 -9.24 4.91
0.31 -9.20 5.17
0.05 -8.91 5.64
0.20 -9.15 5.10
0.49 -9.12 5.37
0.17 -9.46 4.78
0.45 -8.93 5.65
0.04 -8.92 5.61
0.17 -8.89 5.37
0.60 -8.68 6.11
0.27 -10.08 3.45
0.68 -7.29 3.89
0.88 -9.08 4.56
0.97 -9.02 4.66
1.01 -10.15 4.06
1.76 -10.34 0.23
2.19 -10.57 -0.38
2.46 -9.73 -2.51
2.20 -7.99 -4.68
3.30 -4.21 -6.62
1.71 1.93 -8.99
0.68 3.49 -7.36
1.25 3.79 -8.71
2.00 -2.15 -7.89
2.08 -7.48 -5.25
2.29 -8.49 -3.78
1.66 -9.45 -0.76
0.89 -10.08 3.25
0.85 -5.42 9.11
0.11 -3.11 10.96
2.84 -1.24 11.52
1.79 0.91 11.04
1.90 0.86 11.54
1.76 1.30 11.24
1.73 2.54 10.68
1.73 2.63 10.81
1.37 2.22 11.19
-0.25 0.52 11.38
-2.22 -0.83 11.00
-4.04 -2.97 10.11
-4.78 -4.53 8.40
-5.03 -7.48 6.56
-3.74 -8.12 3.88
-0.93 -8.95 -0.29
4.04 -6.96 -5.12
5.77 -2.27 -7.25
6.32 0.26 -5.67
7.10 1.28 -6.36
7.21 0.58 -5.91
7.29 -0.95 -5.88
7.12 -1.67 -6.06
6.67 -2.66 -5.34
6.56 -2.79 -6.07
6.62 -3.11 -6.12
5.59 -4.05 -7.71
3.51 -5.86 -5.61
1.53 -8.55 -3.28
-0.76 -9.29 1.02
0.92 -7.96 6.79
0.46 -7.47 8.20
0.40 -6.57 8.01
2.01 -5.53 8.81
1.53 -6.23 9.83
1.62 -5.44 9.07
1.05 -6.53 8.95
1.09 -6.79 8.87
0.25 -6.07 9.05
-0.34 -5.85 9.30
-0.13 -6.53 8.98
-0.21 -6.72 8.78
-0.21 -6.64 8.68
-0.21 -6.80 8.75
-0.31 -6.86 8.89
-0.19 -7.81 8.65
-0.03 -8.45 7.63
-0.33 -7.94 5.98
-1.14 -9.33 6.01
-1.02 -8.75 4.53
-1.83 -10.57 2.45
-1.65 -9.34 0.39
-1.92 -9.69 -2.18
-2.91 -7.97 -2.43
-3.80 -7.62 -2.44
-4.72 -7.06 -2.27
-4.53 -7.30 -3.85
-4.30 -7.03 -3.87
-3.39 -6.97 -4.32
-2.37 -6.93 -5.53
-3.07 -6.91 -4.70
-2.69 -7.33 -4.40
-3.31 -7.12 -5.16
-3.68 -6.02 -5.04
-2.94 -4.23 -5.75
-0.55 -4.38 -7.89
0.39 -4.20 -7.28
1.17 -4.60 -6.74
0.88 -6.34 -4.57
2.23 -9.81 -3.92
1.22 -9.20 -0.14
0.71 -11.64 5.30
1.66 -8.65 3.88
0.77 -9.02 4.62
1.24 -9.44 4.59
1.23 -9.28 4.70
1.23 -9.19 4.72
1.35 -9.22 5.01
1.37 -9.19 4.93
1.36 -9.18 5.02
1.27 -9.22 4.99
1.28 -9.22 4.87
1.37 -9.18 4.92
1.39 -9.22 4.87
1.39 -9.27 4.84
1.52 -9.11 4.36
1.49 -9.22 4.77
1.54 -9.33 4.77
1.25 -9.21 4.60
1.36 -9.31 4.70
1.35 -9.35 4.53
1.26 -9.29 4.60
1.26 -9.34 4.58
1.36 -9.35 4.65
1.35 -9.30 4.57
1.35 -9.34 4.59
1.36 -9.22 4.57
1.31 -9.34 4.59
1.39 -9.35 4.62
1.36 -9.34 4.57
1.36 -9.36 4.50
1.39 -9.30 4.44
1.36 -9.34 4.37
1.42 -9.35 4.45
1.48 -9.42 4.35
1.47 -9.41 4.44
1.46 -9.41 4.41
1.47 -9.35 4.24
1.49 -9.09 5.05
1.49 -9.15 5.22
1.43 -8.01 6.93
1.79 -7.36 7.75
0.45 -7.18 8.41
-0.40 -6.56 8.15
-0.67 -4.19 9.88
4.54 -6.47 8.77
5.07 -6.11 5.23
3.59 -8.55 4.87
5.13 -8.61 3.36
3.92 -8.99 3.53
3.68 -8.92 4.19
4.81 -9.21 2.20
4.09 -8.34 1.19
3.93 -9.14 1.15
4.36 -8.58 2.27
5.17 -9.05 3.39
4.48 -8.14 3.89
4.70 -8.51 3.66
4.90 -8.28 3.68
4.70 -8.42 4.03
4.83 -8.45 3.82
4.63 -8.43 3.91
4.96 -8.30 1.75
3.20 -9.82 2.63
2.43 -9.51 1.04
1.48 -9.08 1.20
1.80 -9.76 1.59
2.02 -9.73 1.67
2.08 -9.66 1.71
2.06 -9.75 1.50
2.23 -9.83 1.49
2.28 -9.66 1.39
2.33 -9.68 1.40
2.31 -9.68 1.36
2.34 -9.64 1.47
2.32 -9.71 1.26
2.22 -9.46 1.35
2.71 -9.58 1.56
2.79 -9.95 3.06
2.83 -9.49 3.17
1.03 -9.24 4.70
1.25 -8.13 6.49
1.75 -6.40 7.27
1.94 -9.22 8.79
3.18 -7.92 7.52
3.03 -7.20 7.83
3.34 -7.19 7.48
3.32 -7.28 7.51
3.41 -7.33 7.27
3.40 -7.32 7.38
3.36 -7.30 7.41
3.42 -7.33 7.40
3.32 -7.30 7.42
3.50 -8.06 6.40
3.68 -8.50 5.12
3.51 -8.93 4.34
3.10 -9.12 3.96
3.12 -9.41 2.84
2.51 -9.34 3.48
2.75 -9.22 3.70
2.70 -9.30 3.38
2.82 -9.39 3.35
2.74 -9.37 3.74
2.89 -9.21 3.48
2.72 -9.30 3.81
2.86 -8.65 3.60
3.36 -9.31 3.11
4.02 -9.00 2.62
5.12 -9.21 1.27
5.10 -8.61 1.68
5.49 -8.54 1.72
4.77 -8.33 2.18
3.99 -7.92 2.08
4.92 -8.58 1.95
4.39 -8.62 2.70
5.16 -9.00 -0.16
4.52 -9.00 -1.25
3.27 -9.45 -1.72
2.71 -8.11 -2.40
2.88 -8.48 -2.18
2.66 -9.67 -1.35
1.67 -8.37 -2.61
2.71 -8.27 -2.83
2.74 -7.84 -2.85
2.61 -6.93 -4.47
1.42 -5.04 -7.17
-1.57 -3.55 -7.30
-3.74 -3.39 -7.25
-5.46 -3.52 -5.34
-6.68 -3.04 -4.02
-6.85 -3.17 -4.79
-6.91 -2.78 -4.99
-5.84 -3.55 -5.02
-4.01 -4.96 -4.36
-1.43 -8.12 -6.50
1.60 -8.71 -4.49
0.84 -9.82 1.64
0.77 -10.88 4.49
-2.09 -9.34 3.94
-5.18 -8.32 1.83
-5.38 -8.04 0.47
-5.10 -8.09 -0.12
-5.17 -8.16 0.42
-4.88 -8.38 0.16
-4.98 -8.25 0.25
-4.85 -8.36 0.25
-5.08 -8.21 0.46
-4.24 -8.72 1.34
-1.89 -8.94 1.14
0.36 -9.57 -0.94
4.76 -8.31 -2.52
7.04 -5.72 -2.78
7.40 -5.27 -3.20
7.61 -5.77 -0.16
8.09 -5.42 -2.22
9.14 -2.09 -3.80
7.60 0.57 -4.78
4.13 0.24 -7.01
1.40 0.18 -8.68
-0.16 -0.10 -8.34
-1.73 -0.68 -8.18
-4.12 -1.03 -7.25
-5.66 -1.69 -6.28
-6.66 -1.81 -5.40
-6.96 -2.25 -4.75
-6.12 -2.56 -4.55
-4.12 -6.12 -5.55
-5.64 -4.09 -5.51
-3.04 -3.54 -8.04
-1.01 -6.35 -3.96
-5.61 -4.98 -4.06
-5.84 -6.72 -2.40
-5.90 -6.60 -2.60
-6.12 -6.47 -2.35
-5.01 -6.79 -2.40
-5.05 -7.20 -2.68
-5.09 -7.74 -2.84
-3.92 -7.56 -3.66
-3.61 -7.61 -3.91
-3.33 -6.98 -3.46
-3.21 -9.58 -0.20
0.41 -9.27 2.71
3.45 -8.84 5.84
3.11 -7.43 6.49
3.64 -7.39 7.49
4.35 -7.01 7.59
4.46 -6.45 7.47
4.43 -6.61 7.63
4.42 -6.57 7.63
4.23 -6.41 7.81
4.26 -6.50 7.72
4.31 -6.49 7.79
4.35 -6.52 7.73
4.29 -6.61 7.70
4.38 -6.47 7.69
4.33 -6.55 7.56
4.41 -6.55 7.45
4.43 -6.62 7.51
4.52 -6.60 7.58
4.49 -6.59 7.57
4.51 -6.71 7.52
4.43 -6.61 7.50
4.48 -6.61 7.52
4.46 -6.67 7.42
4.46 -6.64 7.44
4.49 -6.65 7.45
4.49 -6.64 7.38
4.52 -6.71 7.42
4.44 -6.68 7.47
4.46 -6.56 7.39
4.45 -6.64 7.47
4.55 -6.61 7.46
4.47 -6.59 7.48
4.23 -7.74 7.07
3.59 -9.64 4.71
0.96 -10.02 3.28
-1.13 -9.95 1.65
-2.65 -8.35 -0.50
-3.82 -8.00 -1.02
-4.12 -8.02 -1.77
-3.78 -8.16 -1.70
-3.46 -8.16 -2.04
-3.60 -8.40 -1.72
-4.03 -8.15 -1.74
-4.06 -8.02 -2.06
-3.74 -8.65 -1.44
-4.09 -8.32 -2.06
-4.06 -8.50 -1.95
-3.66 -7.57 -1.78
-3.51 -7.69 -0.24
-2.21 -9.88 1.56
0.84 -10.18 4.61
2.32 -10.85 7.38
2.61 -6.04 7.70
1.86 -4.83 9.68
1.48 -6.61 9.20
0.22 -5.83 9.30
0.64 -5.71 9.95
0.07 -6.30 9.36
0.65 -8.32 8.91
0.33 -8.40 7.11
1.40 -8.28 6.32
2.38 -8.30 9.34
0.52 -5.15 7.65
3.29 -10.08 9.28
5.65 -1.60 7.53
7.01 -5.65 8.48
6.95 -1.89 7.87
4.96 -3.45 8.06
5.76 -9.25 6.03
6.90 -6.67 5.64
6.54 -5.71 5.77
7.02 -6.89 5.43
6.67 -5.24 5.43
5.55 -6.16 6.79
0.73 -4.36 10.54
3.28 -7.42 7.71
0.29 -7.38 8.84
1.04 -5.33 9.34
0.93 -5.42 9.81
0.50 -4.95 9.94
0.60 -5.32 9.82
0.57 -5.33 9.79
0.51 -5.17 9.93
0.51 -5.22 9.84
0.59 -5.35 9.80
0.56 -5.23 9.73
0.58 -5.34 9.84
0.56 -5.30 9.89
0.53 -5.30 9.83
0.53 -5.32 9.79
0.61 -5.30 9.78
0.57 -5.30 9.72
0.56 -5.36 9.85
0.57 -5.38 9.77
0.59 -5.38 9.74
0.59 -5.38 9.81
0.59 -5.36 9.69
0.60 -5.33 9.72
0.60 -5.43 9.73
0.62 -5.37 9.71
0.64 -5.34 9.69
0.58 -5.42 9.76
0.62 -5.38 9.78
0.58 -5.35 9.81
0.57 -5.30 9.74
0.52 -5.46 9.76
0.62 -5.39 9.79
0.57 -5.38 9.75
0.56 -5.39 9.65
0.56 -5.41 9.71
0.60 -5.36 9.74
0.60 -5.34 9.82
0.59 -5.41 9.80
0.53 -5.41 9.71
0.60 -5.40 9.74
0.53 -5.37 9.68
0.60 -5.49 9.73
0.59 -5.48 9.70
0.51 -5.41 9.73
0.58 -5.41 9.65
0.64 -5.43 9.70
0.55 -5.46 9.70
0.55 -5.38 9.65
0.52 -5.45 9.63
0.52 -5.42 9.69
0.55 -5.45 9.72
0.49 -5.44 9.71
0.53 -5.39 9.74
0.50 -5.40 9.79
0.52 -5.44 9.71
0.56 -5.42 9.68
0.64 -5.45 9.73
0.55 -5.37 9.74
0.51 -5.40 9.74
0.53 -5.45 9.78
0.54 -5.54 9.71
0.57 -5.25 9.73
1.46 -7.50 7.96
2.72 -9.32 3.88
2.30 -8.62 2.69
2.31 -10.77 2.54
2.14 -9.66 3.17
1.77 -9.77 3.17
1.27 -9.31 3.89
0.09 -9.47 3.75
0.56 -9.22 2.64
3.60 -8.95 -1.66
1.49 -7.38 -6.57
-2.81 -5.72 -6.31
-4.95 -3.91 -5.65
-5.55 -2.32 -6.41
-6.61 -3.13 -6.88
-6.60 -2.30 -5.38
-6.30 -4.44 -3.77
-4.53 -6.67 -5.48
-2.68 -9.24 -0.15
-5.76 -7.13 3.17
-6.54 -6.01 1.42
-6.45 -7.98 1.72
-5.38 -5.61 2.81
-2.92 -5.41 6.17
-1.11 -7.08 8.79
-4.32 -5.86 5.40
-1.82 -7.31 7.68
-1.92 -6.84 8.25
-2.60 -7.25 7.70
-3.64 -6.39 9.50
-1.86 -6.43 9.30
-2.45 -4.58 11.22
-1.38 -2.26 11.17
-0.76 -2.63 10.77
-0.58 -4.75 10.90
3.61 -4.25 10.53
4.94 0.39 9.33
8.12 0.85 5.34
10.13 -0.42 0.67
9.50 1.65 -0.35
7.31 5.99 -0.68
7.02 7.35 -1.19
5.85 7.57 -0.39
4.78 9.16 2.09
3.36 9.96 2.71
3.52 6.45 6.94
1.72 5.19 9.19
0.68 4.18 10.42
-1.07 2.64 11.36
-2.05 -0.28 11.39
-2.92 -1.70 10.77
-4.30 -2.17 9.40
-5.00 -2.87 9.39
-2.59 -5.15 9.84
-4.69 -6.30 7.74
-0.19 -8.54 5.28
-0.51 -9.60 2.87
0.80 -8.78 -1.16
1.35 -8.29 -3.81
1.02 -8.30 -4.37
0.87 -8.28 -3.29
0.57 -8.46 -3.00
2.58 -10.10 -1.54
5.82 -6.79 3.86
9.53 -2.51 5.54
7.88 -0.93 7.94
6.97 -1.09 8.56
5.65 -1.94 9.73
1.66 -3.27 10.40
-1.54 -4.62 9.35
-5.24 -5.35 7.92
-5.57 -5.21 7.40
-6.16 -5.06 7.07
-6.23 -4.96 6.69
-6.51 -4.96 6.39
-6.16 -5.87 6.10
-6.15 -5.95 6.43
-5.94 -6.04 6.12
-6.03 -5.72 6.17
-6.12 -5.95 5.93
-6.28 -5.99 6.24
-6.04 -6.02 6.09
-5.99 -5.99 6.06
-6.03 -6.00 6.06
-5.99 -6.06 5.97
-6.05 -6.13 6.13
-5.86 -6.16 6.14
-5.93 -6.12 6.17
-5.80 -6.19 6.07
-5.94 -6.06 6.16
-5.74 -5.97 6.06
-4.62 -5.89 5.31
-4.13 -5.84 8.27
-2.98 -6.77 10.10
-1.94 -5.29 9.81
0.39 -4.84 10.20
0.31 -5.03 9.70
0.70 -5.75 10.21
0.96 -5.48 9.68
0.88 -5.78 9.36
0.75 -6.16 9.27
0.71 -6.21 9.20
0.60 -6.28 9.17
0.60 -6.25 9.15
0.52 -6.36 9.23
0.60 -6.20 9.15
0.64 -6.30 9.20
0.58 -6.22 9.18
0.69 -6.24 9.15
0.63 -6.23 9.14
0.71 -6.24 9.12
0.45 -6.45 9.16
0.45 -6.23 9.04
0.64 -6.48 9.14
0.47 -6.07 9.49
0.74 -5.87 9.95
0.96 -3.70 10.26
1.03 -3.70 10.42
1.14 -4.08 10.42
1.04 -4.37 10.17
0.96 -4.22 10.51
0.80 -4.46 10.07
0.85 -5.89 9.09
0.10 -6.21 9.73
1.60 -4.89 8.61
0.46 -8.94 8.28
1.56 -7.61 8.03
1.78 -7.57 7.82
1.66 -7.79 7.59
1.68 -7.69 7.76
1.68 -7.59 7.66
1.76 -7.57 7.77
1.78 -7.36 7.84
1.84 -7.34 7.96
1.94 -7.28 7.80
1.92 -7.33 7.90
1.99 -7.35 7.87
1.93 -7.32 7.93
1.94 -7.44 7.84
2.00 -7.39 7.82
1.98 -7.33 7.81
1.98 -7.39 7.73
1.97 -7.42 7.89
1.92 -7.47 7.79
2.03 -7.33 7.88
2.10 -7.41 7.83
2.05 -7.47 7.78
2.05 -7.52 7.74
1.98 -7.17 7.89
1.95 -7.41 7.72
1.90 -7.46 7.83
1.93 -7.44 7.72
1.97 -7.38 7.69
1.94 -7.42 7.76
1.98 -7.41 7.79
2.01 -7.42 7.82
2.03 -7.48 7.74
2.02 -7.41 7.67
1.94 -7.43 7.67
1.99 -7.38 7.80
2.09 -7.45 7.66
2.39 -7.67 7.43
2.50 -7.96 7.07
3.27 -8.34 6.57
2.72 -7.75 7.10
1.97 -7.09 7.26
2.96 -12.63 7.16
2.80 -7.66 7.07
3.14 -7.75 6.99
3.58 -7.98 6.92
3.70 -7.38 7.04
4.12 -7.43 6.77
4.04 -7.59 6.80
3.83 -7.61 6.93
3.38 -7.06 7.09
3.90 -7.63 6.81
3.86 -7.81 6.57
3.41 -7.49 6.64
6.12 -5.76 5.87
7.99 -3.49 6.67
7.60 -1.41 7.35
8.12 -0.48 7.18
7.67 0.21 7.36
7.93 0.20 7.54
7.89 0.81 7.77
7.70 -0.32 7.71
7.98 -0.11 7.70
7.90 -0.20 7.52
7.72 -0.29 7.63
7.79 -0.38 7.73
8.18 -0.32 7.93
6.27 -4.47 7.99
3.52 -6.13 8.78
1.76 -4.76 8.81
3.67 -6.21 8.82
2.59 -6.36 8.86
2.94 -6.70 8.83
2.44 -6.28 8.37
2.48 -6.62 8.52
2.57 -6.67 8.33
2.46 -6.76 8.41
2.55 -6.69 8.49
2.52 -6.64 8.38
2.48 -6.57 8.53
2.49 -6.60 8.49
2.45 -6.58 8.53
2.47 -6.55 8.59
2.48 -6.57 8.55
2.40 -6.60 8.48
2.42 -6.60 8.44
2.54 -6.60 8.51
2.55 -6.56 8.47
2.50 -6.68 8.47
2.45 -6.62 8.42
2.46 -6.64 8.41
2.58 -6.72 8.39
2.49 -6.73 8.44
2.57 -6.68 8.34
2.47 -6.74 8.52
2.37 -6.71 8.39
2.54 -6.70 8.42
2.47 -6.72 8.39
2.84 -6.66 8.21
0.25 -8.51 7.07
-1.81 -7.00 8.07
-0.12 -11.88 7.98
-0.48 -7.97 7.02
-0.72 -8.30 7.03
-0.61 -8.26 6.95
-0.70 -8.30 6.94
-0.83 -8.34 6.82
-0.81 -7.95 6.99
-0.58 -8.14 6.64
-0.62 -7.90 7.05
-0.31 -7.49 7.18
-0.24 -8.49 7.29
-0.17 -7.47 7.58
0.70 -7.21 7.00
0.29 -7.38 8.05
-0.27 -7.78 7.84
0.08 -8.21 7.00
0.07 -8.50 6.73
0.21 -8.69 6.20
0.23 -8.85 5.84
0.28 -8.97 5.81
0.30 -9.04 5.61
0.28 -9.00 5.53
0.38 -8.82 5.70
0.27 -8.95 5.83
0.30 -8.88 6.04
0.60 -8.74 6.18
4.96 -11.26 3.55
4.34 -9.67 -1.22
3.32 -8.38 -4.47
2.16 -5.83 -6.15
1.84 -5.80 -5.81
1.51 -6.19 -6.44
0.94 -6.44 -5.86
1.30 -8.10 -3.96
1.36 -8.31 -0.73
2.85 -10.29 3.84
1.90 -9.33 7.98
1.68 -9.14 5.13
0.96 -9.97 4.05
1.31 -9.05 5.64
0.87 -8.97 5.37
2.03 -10.29 4.25
3.02 -9.24 2.49
2.23 -8.42 -0.38
1.04 -10.61 0.59
1.97 -9.58 -0.37
2.69 -9.11 -1.29
3.64 -7.69 -7.30
1.14 -4.09 -7.07
-1.31 -6.83 -4.71
-2.97 -6.69 -4.21
-3.68 -5.83 -4.89
-4.00 -5.48 -6.05
-3.68 -6.08 -5.76
-3.82 -6.68 -4.96
-4.17 -6.56 -5.47
-3.47 -6.50 -4.05
-3.97 -5.39 -3.86
-2.03 -6.49 -0.63
-0.51 -11.28 2.04
-0.57 -9.24 5.85
0.25 -7.71 6.09
0.34 -8.26 6.63
0.38 -8.59 6.59
0.37 -8.44 6.49
0.43 -8.44 6.60
0.51 -8.47 6.65
0.37 -8.50 6.59
0.42 -8.44 6.55
0.24 -8.45 6.62
-0.04 -8.40 7.41
1.51 -7.18 11.45
5.57 -3.65 9.25
4.73 -3.57 8.46
0.99 -3.05 9.80
0.23 -3.40 10.41
0.89 -3.65 11.14
0.44 -3.97 10.58
-1.54 -4.00 10.02
-0.71 -4.08 10.36
-0.59 -3.66 10.66
-0.51 -3.33 10.56
-0.25 -3.25 10.69
0.10 -4.78 10.41
0.14 -5.44 9.46
0.27 -5.85 9.57
0.55 -6.35 9.18
0.63 -4.59 -3.62
-3.68 -4.28 -8.51
3.31 -6.37 -2.39
2.30 -10.78 1.64
3.35 -7.80 -3.18
3.50 -9.03 -4.47
5.39 -5.93 0.74
19.61 -10.01 2.49
-3.29 -6.23 -2.92
7.99 -19.61 -19.61
-2.93 -7.92 -4.85
-0.62 -7.53 -1.49
1.12 -10.11 2.45
0.24 -8.57 3.72
1.04 -7.38 5.83
-1.98 -1.28 11.46
-2.36 -2.51 10.85
-0.13 -3.29 10.14
-0.88 -2.75 10.86
-0.56 -1.55 11.42
-0.18 -0.88 11.49
0.28 -0.59 11.06
-0.30 -0.85 11.19
-0.68 -0.57 10.63
-0.65 0.12 11.07
-0.42 0.30 10.40
1.38 0.90 4.88
-0.17 -2.11 9.95
-1.44 -8.20 6.92
-0.54 -8.60 5.88
-0.79 -9.21 5.82
-0.85 -8.98 5.60
-0.54 -9.17 5.50
-1.55 -9.37 5.09
-1.09 -7.78 5.30
1.98 -9.40 4.02
3.57 -8.47 4.21
3.78 -8.29 6.30
3.51 -6.65 7.66
3.89 -4.19 8.95
4.08 -5.30 8.47
4.11 -5.08 8.75
3.14 -6.11 9.50
4.11 -8.67 5.80
3.25 -8.70 4.57
2.23 -7.88 5.23
1.44 -8.24 6.23
1.82 -7.23 5.97
3.04 -9.55 3.60
9.87 -1.47 5.25
8.26 -4.40 5.67
7.62 -4.66 6.47
8.44 -5.20 5.11
6.80 -7.50 2.39
6.15 -7.78 1.84
4.32 -9.77 2.80
0.50 -8.56 5.87
-0.81 -8.04 4.66
-2.20 -9.51 3.31
-1.41 -9.60 2.85
-1.28 -9.87 2.47
-0.93 -9.45 6.42
-0.26 -9.08 6.95
-0.19 -8.29 6.25
0.64 -9.04 5.08
2.99 -6.98 5.52
3.02 -6.39 7.03
7.03 -7.36 6.45
8.58 -6.77 2.47
10.47 -2.92 -1.70
9.06 -2.29 -1.80
8.84 -3.29 -0.99
9.81 -4.05 -1.14
7.73 -6.00 1.22
4.70 -6.87 5.32
4.10 -6.94 8.10
2.74 -6.24 8.61
3.74 -5.07 8.70
2.96 -4.40 9.73
2.98 -4.02 9.40
5.35 -2.09 9.33
7.76 -0.04 7.35
9.23 1.38 6.14
5.67 -1.95 9.56
3.96 -2.55 12.06
4.75 -4.13 9.43
3.91 -3.25 9.79
2.97 -6.47 7.46
1.88 -8.02 6.37
7.17 -7.36 4.00
11.54 -5.53 4.34
8.19 -2.95 3.14
10.52 -4.25 4.69
7.07 -4.03 2.69
10.35 -0.14 4.53
9.83 -6.25 8.42
8.78 -3.68 2.28
8.94 -3.65 3.97
8.81 -2.41 3.30
11.25 -3.57 3.71
9.44 -0.22 2.98
7.84 -8.47 3.86
3.96 -4.82 3.31
7.38 -5.04 5.67
7.16 -6.57 5.24
6.99 -3.63 4.15
8.37 -4.27 4.85
7.22 -2.65 4.20
10.75 -4.42 6.54
9.43 -1.80 3.45
10.32 -1.73 3.74
8.60 -1.33 4.08
11.68 -0.36 3.40
7.95 -3.90 2.95
9.79 -3.24 3.13
7.11 -4.07 2.94
12.30 0.42 4.40
7.29 -2.53 2.50
15.86 0.55 4.71
6.78 -1.69 3.54
11.95 -1.56 4.30
8.42 -1.98 2.89
10.81 -1.56 3.96
9.42 -1.38 3.17
9.63 -1.16 3.19
11.36 -0.70 3.24
10.81 0.57 3.83
8.25 -4.09 4.25
9.73 -4.55 4.26
6.56 -2.94 3.91
10.71 -7.94 3.58
7.11 -4.09 3.50
10.53 -3.96 4.59
5.27 -4.89 4.13
8.65 -5.60 4.50
7.70 -5.83 3.90
7.26 -9.52 3.02
4.51 -8.85 2.63
2.27 -8.44 2.09
1.91 -8.62 3.82
1.60 -8.07 7.10
0.61 -6.90 9.36
0.15 -8.53 8.17
-2.10 -9.09 5.44
-4.68 -7.09 4.89
-1.77 -6.22 7.60
-1.89 -8.55 8.30
-1.69 -7.57 4.89
0.39 -10.47 4.30
2.83 -9.22 4.11
5.01 -6.46 5.21
6.95 -5.40 8.48
7.39 -2.10 6.56
10.56 -2.71 7.03
6.93 -2.67 4.22
4.34 -7.69 5.52
5.26 -7.71 7.96
5.32 -8.32 5.34
3.96 -9.01 4.58
1.45 -7.83 7.52
-0.50 -9.96 6.39
0.05 -8.36 6.29
6.13 -6.64 6.95
8.88 -5.14 7.42
8.80 -3.48 8.61
6.74 -5.42 6.97
8.78 -6.67 5.51
5.11 -6.18 3.20
3.31 -8.69 3.70
3.85 -8.20 4.99
6.52 -5.31 5.56
11.35 0.72 6.22
9.98 0.99 7.33
5.64 2.35 8.82
4.34 -2.72 9.66
1.56 -2.19 6.70
4.55 -11.49 0.76
5.72 -8.74 -2.61
4.63 -3.70 -4.69
8.69 -3.92 -3.08
7.68 -6.96 -0.25
6.64 -5.23 -1.70
5.97 -6.73 -1.87
3.89 -6.94 3.21
4.37 -6.25 7.48
3.48 -1.39 12.16
4.71 -2.28 9.89
3.64 -3.69 10.58
2.94 -4.21 10.58
1.35 -5.93 9.46
4.26 -6.87 7.57
0.45 -6.27 7.51
1.76 -5.86 10.42
2.00 -3.99 10.33
2.00 -4.09 11.80
0.73 -2.33 10.81
-0.26 -1.82 11.04
-1.47 -0.88 10.64
-1.06 -6.33 7.51
1.31 -10.06 2.47
2.08 -9.67 -1.48
3.40 -5.90 -5.37
4.37 -2.12 -6.93
4.24 -2.14 -6.85
3.18 -4.04 -6.79
3.63 -4.67 -6.80
3.06 -4.17 -6.39
5.42 -2.62 -6.94
6.49 -0.26 -6.76
4.56 3.58 -8.00
3.07 0.81 -7.80
2.22 -1.09 -7.91
1.10 -4.81 -8.26
-2.04 -6.72 -5.37
-4.94 -7.35 -1.31
-6.06 -7.58 0.77
-6.59 -5.92 2.64
-7.01 -5.68 1.49
-6.39 -6.61 -0.26
-5.40 -7.47 -1.36
-4.71 -7.46 -0.89
-4.61 -7.64 -1.92
-4.49 -6.51 -3.77
-3.76 -6.15 -5.15
-2.63 -5.90 -6.56
-0.00 -4.71 -7.46
0.92 -4.53 -7.56
0.53 -2.77 -7.69
0.07 -4.35 -6.42
-1.59 -9.37 -2.94
-4.68 -9.36 2.33
-5.55 -5.74 6.64
-3.99 -2.85 10.34
-1.07 -1.91 10.87
2.21 0.58 10.68
5.40 5.20 9.82
3.77 5.09 9.32
1.99 -0.71 11.55
1.66 -6.48 9.60
-0.07 -9.70 6.56
-0.23 -9.42 4.02
-0.48 -8.74 3.69
-2.31 -9.15 4.61
-1.37 -9.48 3.33
-1.21 -9.42 2.65
-1.77 -9.77 2.99
-1.59 -10.24 2.94
-0.92 -9.36 2.50
1.19 -9.08 -0.81
4.12 -5.11 -7.10
4.86 -0.79 -7.91
4.97 1.02 -7.38
5.33 1.65 -7.33
5.43 2.03 -6.47
5.03 3.97 -8.20
1.54 4.46 -7.29
-2.39 3.60 -7.86
-6.06 2.27 -6.11
-7.51 -1.08 -3.19
-7.01 -4.72 -2.85
-3.56 -7.26 -3.90
0.00 -7.95 -4.34
7.56 -5.10 -2.01
10.07 0.11 2.46
9.25 3.31 2.24
5.70 4.17 6.59
7.27 1.42 9.43
4.50 -0.61 9.37
2.55 -4.57 10.19
-1.76 -7.08 9.55
-2.15 -5.98 7.52
-2.44 -7.90 7.49
-3.58 -8.35 4.53
-0.21 -9.77 1.54
-0.31 -9.93 2.43
-2.28 -9.95 0.88
-1.68 -9.28 -0.58
-0.66 -8.26 -3.27
0.73 -6.68 -5.09
-2.13 -7.53 -5.76
-3.95 -5.04 -5.08
0.04 -9.77 -6.94
7.30 -3.61 3.77
1.72 -5.92 9.22
-6.57 -5.62 2.91
-7.13 -6.43 3.98
-6.97 -5.84 2.82
-6.77 -7.45 2.54
-6.13 -6.05 2.38
-6.79 -7.68 2.70
-3.87 -6.06 6.22
-2.28 -2.71 6.89
0.17 -2.25 10.86
0.78 -3.21 11.55
2.05 -2.43 11.94
2.58 -2.05 10.59
2.87 -2.10 10.19
3.28 -2.45 10.61
4.18 -4.19 9.30
5.80 -7.49 5.11
6.00 -7.58 1.77
6.79 -6.93 -1.67
7.25 -5.01 -3.28
7.52 -3.55 -5.50
6.71 -4.08 -5.23
5.32 -5.73 -3.72
5.38 -7.01 -2.90
5.16 -8.26 -3.61
4.82 -9.57 -1.39
3.05 -8.12 3.36
3.01 -7.36 7.16
3.35 -5.44 8.55
3.47 -4.67 10.64
4.06 -3.57 9.18
5.74 -2.98 9.73
6.15 -2.36 9.30
6.55 -2.46 9.04
6.09 -0.78 7.86
5.47 2.62 12.69
6.13 -2.26 9.49
5.23 -3.03 9.38
5.41 -2.86 9.58
5.45 -3.01 9.38
5.26 -3.24 9.11
5.94 -2.49 9.39
6.04 -2.66 9.04
5.92 -2.75 9.20
6.02 -3.35 9.27
6.11 -6.96 6.74
5.41 -7.58 4.37
6.62 -7.16 0.21
9.85 -1.91 -2.72
9.17 -5.52 -2.12
5.91 -4.98 0.42
6.23 -7.63 4.98
6.60 -7.08 3.59
6.72 -7.32 3.99
6.46 -7.30 4.06
6.28 -7.47 4.11
6.21 -7.41 4.04
7.50 -8.45 -0.18
6.04 -7.17 0.23
4.64 -8.78 1.76
2.53 -8.56 4.69
2.25 -9.23 5.40
2.28 -8.79 5.37
2.33 -8.81 5.67
2.36 -8.76 5.37
2.35 -8.72 5.56
2.52 -8.78 5.58
2.51 -8.68 5.49
2.57 -8.73 5.54
2.46 -8.74 5.40
2.37 -8.95 5.89
2.07 -9.15 4.59
1.88 -9.12 3.48
3.51 -9.10 -0.03
4.48 -6.61 -3.62
5.58 -6.42 -4.29
4.87 -7.57 -2.81
2.72 -8.61 3.82
2.81 -7.82 6.09
-0.83 -8.66 9.17
1.83 -8.55 8.82
1.36 -7.71 6.65
3.10 -9.04 1.41
6.48 -8.14 -2.76
6.99 -9.14 -3.93
-1.21 -10.01 0.97
-2.33 -9.56 0.75
-5.84 -6.23 1.03
-6.54 -5.85 0.99
-7.15 -6.85 3.25
-5.97 -4.87 7.09
-2.53 -3.66 10.39
3.12 -2.51 10.64
3.37 -1.85 9.87
6.93 0.19 10.73
7.07 -3.69 7.97
5.12 -9.06 6.32
5.06 -6.58 3.94
5.11 -9.04 4.94
4.58 -5.71 5.13
5.77 -8.32 9.87
5.08 -3.34 8.60
2.51 -4.51 9.28
-0.11 -5.54 9.94
-1.90 -5.40 9.10
-0.46 -6.30 9.13
-1.25 -5.86 10.31
0.00 -6.52 8.13
-0.05 -6.40 9.02
-0.48 -7.25 8.26
0.34 -7.02 6.72
4.41 -10.27 4.69
4.95 -7.69 4.93
5.54 -7.36 2.27
7.56 -4.76 -1.01
8.07 -4.67 -2.81
8.36 -2.73 -3.78
8.29 -2.75 -3.69
9.57 -1.68 -6.33
7.26 -4.91 -2.15
7.42 -6.91 -1.54
5.59 -1.65 7.90
3.37 4.90 19.46
5.60 -1.72 9.39
6.77 -0.41 9.10
5.39 -0.75 10.76
4.79 0.99 9.28
3.36 -0.48 8.77
2.97 0.71 11.73
2.06 1.99 11.69
1.56 -3.09 10.71
2.18 -4.67 9.87
2.21 -4.81 9.66
0.51 -1.87 11.23
0.66 -4.40 10.27
2.89 -3.43 10.46
4.26 -5.43 10.65
5.87 -3.38 9.00
6.26 -5.72 7.66
7.31 -5.70 5.99
6.96 -5.65 5.90
6.79 -7.52 5.81
5.94 -8.08 4.22
3.83 -6.27 6.51
2.63 -7.01 7.80
3.12 -5.47 4.83
2.55 -7.54 6.92
2.48 -8.37 7.07
2.24 -9.30 7.05
-1.77 -2.06 9.95
-2.44 -2.19 10.45
-3.00 -2.24 10.03
-3.64 -2.87 10.23
-4.54 -3.58 10.11
-4.94 -3.15 8.72
-6.61 -2.62 8.23
-7.77 -2.33 7.24
-8.29 0.09 5.27
-8.68 0.19 5.29
-9.66 2.41 2.30
-9.26 0.47 3.29
-8.25 1.10 5.00
-6.49 2.07 7.74
-8.05 3.10 5.55
-8.50 3.37 5.22
-8.93 3.00 5.16
-7.87 2.21 4.63
-8.42 2.73 4.58
-8.12 2.81 3.62
-8.44 4.04 2.36
-8.50 3.76 2.56
-7.98 3.81 0.74
-8.23 2.26 2.63
-8.54 -1.19 2.90
-7.45 -4.29 3.57
-5.28 -6.67 6.61
-2.60 -6.76 8.31
-0.51 -5.78 9.19
