-19.05 5.14 -3.37
12.30 -4.27 2.68
10.26 -1.78 -4.60
-9.41 -3.52 0.88
-19.61 2.00 4.83
-15.95 1.10 0.34
6.50 -3.49 3.59
4.07 -0.63 0.55
-7.98 -6.26 7.05
-19.61 -6.03 6.25
-15.94 -4.06 8.55
-0.38 -2.06 2.33
4.14 -2.72 -4.57
4.06 -2.14 1.88
-19.61 -2.21 -0.35
-16.12 -4.68 7.34
-9.76 -4.42 4.66
-19.61 -8.50 -2.32
-4.37 -2.53 3.58
3.45 -3.08 1.17
5.14 1.05 0.20
-18.92 -9.37 1.06
-10.17 -2.16 0.75
-12.86 -3.06 3.50
-16.60 -4.02 -1.22
4.14 -2.70 2.14
4.30 -1.26 1.16
-1.49 -0.19 2.12
-19.53 -9.98 5.70
-10.61 -3.52 1.70
-11.26 -4.09 1.99
-19.61 -10.89 -2.89
0.52 -1.43 3.84
3.41 -5.72 2.84
6.30 -0.00 -0.20
-19.61 -4.09 14.56
-19.61 -0.40 6.47
4.73 1.30 2.66
3.79 -7.42 4.30
6.03 -1.17 2.62
-19.61 1.23 1.31
-19.61 -0.05 7.53
-1.07 1.70 1.96
2.04 -7.67 4.05
6.45 1.08 -1.26
-19.61 1.86 -3.09
-19.61 -1.92 7.70
-9.39 -0.87 1.30
5.08 -1.02 1.34
5.41 -0.85 -1.50
-13.70 -0.12 3.07
-19.61 -1.13 8.85
-19.61 -6.89 -0.37
1.06 2.58 0.32
2.09 1.99 -2.23
4.72 -4.32 1.51
-19.61 2.51 3.25
-17.37 -2.16 5.33
-15.01 -1.41 -5.06
6.79 -0.62 3.34
5.30 -1.44 2.05
-12.44 -6.65 3.60
-19.61 4.75 10.74
-8.90 9.63 -6.47
9.96 -5.98 3.61
5.63 -0.85 0.38
-19.61 -3.46 0.47
-19.61 6.79 7.95
-17.68 1.09 -7.83
8.10 -1.16 2.82
4.73 1.75 0.78
-6.73 -4.86 1.59
-19.61 5.17 2.31
-19.61 1.76 -7.00
7.11 -2.67 4.13
4.56 2.05 0.37
-7.37 -4.41 6.88
-14.08 -8.13 6.70
-19.61 -7.82 5.70
0.17 0.41 2.00
0.90 -8.58 4.10
5.92 -1.80 0.51
-19.61 -0.21 4.21
-19.61 -1.64 10.25
-8.54 -0.29 1.93
5.33 -3.40 -5.40
3.20 1.79 1.91
-19.61 -3.77 -1.61
-19.61 1.09 4.47
-11.69 0.62 -1.80
6.65 -5.38 4.46
5.25 0.10 2.07
-15.92 -1.22 -6.69
-19.61 -4.76 10.36
-19.61 -2.61 -1.05
5.51 0.91 0.06
4.90 -0.83 -2.21
-6.21 -7.29 4.91
-19.61 3.09 10.07
-19.61 0.68 -5.65
5.35 -0.94 3.33
5.68 0.62 0.32
-4.42 -1.97 1.60
-19.61 6.89 11.72
-19.61 -4.49 4.13
-1.85 2.00 1.88
1.75 -2.92 1.17
0.49 0.88 -1.08
-19.61 0.19 5.72
-19.61 -0.20 3.73
3.31 2.38 0.53
2.81 -1.45 -7.60
3.57 -0.89 2.04
-19.61 -3.07 1.28
-19.61 -0.89 2.17
-6.08 2.19 -0.02
9.18 2.24 -4.93
4.87 -0.44 2.21
-19.61 3.85 -3.45
-19.61 0.07 6.31
-5.87 5.50 -0.02
8.02 -6.62 3.21
4.66 1.46 0.11
-19.61 2.02 -0.35
-19.61 4.44 4.39
-13.62 4.05 -3.79
11.31 -11.02 4.98
4.77 0.81 1.21
-14.46 -0.32 -0.15
-19.48 2.22 4.88
-19.61 -0.19 -5.56
6.59 -1.02 5.02
4.65 3.14 1.03
-3.14 -2.90 5.07
-19.61 -1.75 6.00
-19.61 -0.86 -1.62
0.84 -1.67 3.86
3.87 -3.57 1.12
-4.98 -4.10 3.00
-19.61 -3.41 12.13
-19.61 -0.69 -1.24
8.87 -2.03 3.90
8.51 0.41 3.31
-6.08 1.06 1.36
-3.77 -11.88 -1.46
-2.61 -2.71 -6.51
-0.63 -9.07 4.21
-15.20 -7.46 10.44
-12.59 -9.09 6.48
-19.61 -11.87 -0.10
2.34 -8.53 0.58
-2.34 -9.16 -1.93
-5.72 -2.78 3.00
-19.61 -11.11 4.43
-12.13 -5.77 3.96
-19.61 -11.30 -2.65
-2.73 -8.71 -1.46
-1.00 -1.49 -3.15
1.24 -11.66 -0.29
-19.61 -10.07 13.23
-16.46 -6.46 6.19
-19.61 -12.83 1.33
-2.15 -8.85 1.16
-0.20 5.02 -3.46
4.80 -13.26 4.27
-19.61 -8.81 8.87
-16.32 -6.52 4.04
-17.81 -6.62 6.71
-19.61 -8.13 -7.11
-2.95 -10.19 6.85
-2.76 -10.87 -3.74
-4.69 -2.87 4.05
-19.61 -16.32 3.76
-16.87 -6.81 4.85
-19.61 -7.78 -5.31
0.97 -7.10 4.23
0.74 -5.86 -4.39
-3.61 -10.84 3.16
-19.61 -8.40 5.47
-19.61 -6.03 7.33
-19.23 -4.88 -8.69
2.67 -11.63 3.81
-4.99 -5.70 -1.90
-0.99 -6.05 1.88
-19.61 -11.83 2.56
-16.55 -4.55 2.34
-19.61 -9.00 -2.62
-4.57 -9.19 3.00
0.27 -11.09 -4.44
6.25 -9.70 0.02
-19.61 -3.83 -2.91
-17.50 -9.24 5.69
-19.61 -6.66 6.37
-9.76 -7.45 2.78
5.77 -9.05 8.87
3.37 -11.67 -3.65
-12.45 -9.26 4.14
-19.61 -5.15 4.63
-19.61 -5.79 9.58
-7.75 -5.36 1.61
-0.19 -10.14 5.39
-2.16 -9.02 0.79
-7.80 -1.77 -4.81
-19.61 -8.30 3.24
-19.61 -4.94 4.04
-19.61 -1.67 0.96
0.15 -10.74 -0.13
1.49 -3.97 -7.71
-0.95 -6.99 1.05
-19.59 -12.40 6.21
-19.25 -6.53 7.88
-19.61 -5.22 -3.18
-0.02 -8.58 3.55
0.29 -3.96 -2.45
-8.47 -8.95 4.41
-19.61 -5.40 7.73
-19.61 -7.13 6.34
-19.61 -5.93 -8.48
3.36 -3.40 5.53
9.09 -5.95 -3.78
-19.61 -7.01 -1.79
-19.61 -15.05 -1.04
-11.00 -13.71 -0.05
-7.37 -16.75 -0.45
-10.52 0.55 4.00
-10.61 -2.55 3.01
-19.61 -3.46 7.73
-7.74 1.83 1.11
19.61 -9.86 13.64
7.64 -5.62 1.45
-17.83 2.37 2.39
-18.68 1.97 6.07
-17.39 2.86 6.97
-11.87 -1.07 -2.85
12.91 -2.15 3.27
3.26 -3.85 1.92
-7.42 -3.21 3.07
-19.61 -5.14 7.53
-8.81 4.29 6.32
-19.36 -6.75 -7.83
1.78 -3.18 3.65
3.77 11.30 -19.61
5.62 1.08 -5.24
-19.61 -2.77 6.20
-6.42 2.22 3.07
-19.61 2.33 5.70
-4.03 2.43 1.35
8.62 -7.25 7.74
6.11 1.94 2.88
-15.23 -3.79 0.58
-16.57 2.66 5.42
-18.80 3.35 6.73
-16.63 -2.33 -0.76
11.74 -1.09 3.05
4.81 -0.55 1.56
-17.56 -0.94 6.84
-9.89 2.04 6.57
-19.61 -4.34 7.39
6.07 4.26 -1.93
5.90 -3.24 -4.73
10.56 -3.18 3.24
-19.61 6.97 4.01
-12.19 3.48 6.22
-19.61 -1.07 3.02
-4.50 -6.80 3.23
3.67 -11.03 -11.15
8.72 -3.43 1.97
-19.61 2.44 -0.35
-10.39 -0.08 0.40
-15.42 2.47 4.53
-15.42 4.90 -5.61
14.74 -5.83 2.85
3.82 -5.35 0.58
-9.09 2.05 4.28
-19.61 6.65 8.32
-17.35 1.04 5.47
-19.61 2.30 -4.91
3.65 0.74 7.53
2.84 -0.36 -9.11
-3.26 -0.66 2.01
-19.61 -0.68 4.18
-16.38 2.29 6.24
-19.61 0.18 -4.31
4.91 0.79 7.70
3.51 1.40 -3.89
-8.17 -4.58 0.71
-17.12 3.55 3.34
-12.90 -1.30 2.92
-17.63 3.97 1.77
-8.04 2.79 -2.77
19.61 -4.89 -6.24
6.12 -2.70 0.47
-17.57 -5.92 9.22
-13.80 -3.04 8.57
-13.55 3.74 4.54
-12.98 5.86 -9.59
7.84 -6.02 5.93
4.62 -0.86 -0.56
-10.04 -3.38 1.27
-19.61 3.53 9.62
-17.60 3.02 7.27
-10.96 1.99 -2.10
7.87 0.29 4.37
5.92 -0.64 -2.74
-18.04 -8.03 1.30
-14.69 -2.91 3.22
-14.04 1.41 1.57
-15.01 1.25 -1.91
9.42 -3.32 4.66
4.20 1.76 -2.44
-19.61 -5.29 1.05
-9.94 1.79 2.68
-18.23 5.13 6.65
-14.08 9.13 -6.12
7.46 -2.91 -0.79
2.85 -1.20 -0.64
-3.48 -7.26 5.70
-17.95 -0.76 12.28
-6.60 3.02 6.09
-16.28 -1.02 2.45
-11.79 3.85 -4.79
-0.72 -7.87 1.02
2.75 -3.71 -0.58
-18.32 5.31 -0.25
-11.52 1.98 3.34
-16.79 3.05 6.02
-14.81 2.03 -7.61
8.26 -3.25 8.06
8.08 -1.39 0.11
-19.61 -1.35 -2.30
-13.69 2.45 4.72
-17.81 3.34 2.70
-6.33 3.17 -2.44
13.34 -2.84 -4.37
-0.65 -5.12 4.93
-19.61 10.63 3.48
6.22 -3.04 12.42
2.87 -5.86 0.36
5.50 -10.39 -0.24
-10.22 -1.50 2.40
-9.74 -1.89 2.06
-10.23 -1.11 4.26
-19.61 -6.02 -7.69
-2.69 -1.36 0.23
4.22 12.88 -5.22
3.10 -2.33 3.05
-19.61 1.93 5.64
-7.68 -0.72 -0.04
-14.86 3.29 3.94
-19.61 -2.80 -8.00
13.76 -6.38 8.72
5.27 -3.59 -0.37
-6.79 4.75 -6.62
-19.61 0.57 1.94
-11.38 1.21 5.66
-19.61 -2.82 -8.39
8.21 2.84 4.08
-7.17 0.27 -5.38
6.93 0.86 3.80
-19.61 -4.64 -0.44
-10.95 5.43 2.99
-18.18 0.75 -0.65
-4.54 0.73 2.44
8.94 0.37 -5.87
6.08 -3.67 2.85
-19.61 3.73 -4.30
-9.41 -0.31 3.90
-10.03 0.25 4.45
-19.61 1.14 -11.29
4.95 2.06 2.36
-5.13 7.60 6.24
1.43 0.87 -1.93
-19.61 -3.06 8.49
-9.57 0.93 5.59
-19.61 2.75 -1.46
1.77 4.61 0.84
-6.56 -11.41 0.13
9.99 -0.05 6.79
-19.61 5.02 -4.90
-12.60 -0.07 2.20
-19.61 5.63 1.89
0.97 3.01 3.19
7.64 -6.64 -3.57
11.39 -0.60 3.44
-19.61 0.13 2.53
-9.77 4.64 2.29
-19.20 5.38 1.45
-13.49 3.21 -2.53
9.36 -1.68 6.40
1.32 -3.63 3.09
-9.00 7.76 -6.28
-19.61 3.87 -11.02
-19.61 3.68 7.09
-11.43 0.10 -3.89
8.43 -2.77 6.99
6.18 -1.90 0.49
-15.62 -2.40 -2.93
-19.37 -3.65 2.04
-19.61 6.26 -0.03
0.72 0.21 0.28
6.17 -1.24 -1.13
3.89 0.59 4.68
-19.61 -2.64 -6.08
-10.31 0.94 3.20
-19.61 5.85 2.03
1.64 -1.28 -0.52
11.48 -2.80 -5.58
5.14 1.74 -0.18
-19.61 3.65 -6.78
-19.61 4.11 7.59
-1.26 -0.38 -2.22
12.42 -3.28 -9.23
4.77 1.13 3.95
-19.61 7.08 -9.62
-19.61 7.64 0.53
-6.00 2.66 0.59
11.24 -2.96 -1.73
5.19 0.22 5.72
-19.61 4.93 -3.10
-19.61 12.82 -0.37
5.47 -3.78 4.42
5.66 3.02 -2.99
-1.40 -3.73 1.65
-19.61 3.32 -4.31
-9.74 -1.67 1.97
-19.61 4.93 3.15
-0.75 7.38 3.91
6.96 -13.24 -17.83
7.67 -5.34 2.35
-19.61 1.61 -1.31
-18.38 8.02 -3.82
-15.70 3.67 1.19
-19.61 -2.60 -8.82
-19.61 -3.46 -6.91
-2.10 3.38 -0.66
6.93 -8.45 -8.67
6.57 -3.07 2.67
-19.17 5.32 -1.63
-15.07 0.54 0.83
-14.33 6.11 2.97
-11.09 1.73 -4.51
12.39 -1.18 -2.35
3.19 -3.58 2.39
-6.33 2.32 -2.60
-17.50 -0.99 4.21
-13.02 4.76 3.85
-19.61 4.05 -18.78
4.18 -3.42 4.41
-6.72 -1.19 -2.85
7.36 1.21 1.10
-19.61 6.55 3.29
-11.47 1.26 4.01
-15.91 5.28 0.11
-19.61 -5.82 -11.05
8.75 -3.61 2.85
-8.42 -1.31 -4.37
4.65 -3.04 1.11
-19.61 -3.77 2.83
-7.26 -1.08 5.11
-19.61 2.92 3.02
-0.32 -0.26 3.65
12.80 4.04 -17.28
6.00 -1.98 2.46
-14.27 1.21 -2.80
-15.39 0.24 6.57
-9.18 3.56 5.60
-19.61 -3.35 -13.54
3.03 -0.70 1.57
-0.24 9.01 -4.42
-3.62 2.03 -1.26
-19.61 0.86 -4.23
-19.61 1.45 9.44
-12.76 -1.52 -2.12
19.61 -13.47 -2.24
10.37 -2.28 1.53
-16.47 -0.86 -0.87
-15.16 6.47 4.82
-11.04 1.98 3.93
-19.61 1.00 -12.28
6.45 1.50 2.02
-8.89 2.33 14.17
-2.36 -3.06 -3.38
-19.61 1.82 2.06
-9.84 -3.43 6.89
-19.02 4.60 0.95
-6.46 4.13 0.29
9.97 6.48 -19.61
9.33 -1.34 4.30
-19.61 5.03 -6.68
-13.87 5.52 6.06
-8.94 1.88 1.84
-19.61 -4.59 -10.68
3.39 3.10 1.89
-3.38 -6.42 2.07
12.06 -3.15 4.55
-19.61 8.42 -5.77
-9.89 -2.82 6.03
-19.61 3.71 2.58
0.45 4.46 1.03
1.20 -16.13 8.32
8.70 -4.57 4.50
-19.61 8.96 -7.28
-10.93 3.21 0.74
-17.95 3.37 2.21
-8.32 4.19 -1.06
12.69 -8.14 6.88
4.83 -0.55 3.74
-9.26 5.96 -6.17
-19.61 3.23 -4.02
-12.84 0.54 4.83
-19.61 1.96 -11.31
1.10 -0.53 5.19
1.46 5.16 -3.21
7.13 -7.86 2.79
-19.61 8.93 -4.39
-12.28 -2.77 2.13
-7.00 0.17 1.26
-19.61 -0.55 -10.73
12.19 -1.46 8.35
-0.79 9.89 -14.38
6.51 1.52 6.53
-19.61 -6.17 0.76
-9.28 -2.16 2.51
-7.42 1.24 1.77
-19.61 -3.59 -4.07
-1.77 1.04 2.89
-4.84 -19.61 0.40
6.08 -1.95 1.54
-19.61 3.66 -8.04
2.93 -1.42 3.08
-0.08 1.37 -4.09
-5.08 0.44 4.23
-19.61 -5.06 -0.21
-3.58 -2.11 2.61
-19.01 6.66 2.75
-19.46 -4.10 2.66
12.88 -4.19 -7.69
2.52 -1.41 0.20
-10.45 -2.05 -2.01
-19.61 0.63 0.36
-6.79 -0.47 2.11
-12.93 4.54 3.95
-19.61 -1.85 -8.72
5.91 1.55 5.97
0.12 2.38 2.40
-4.74 7.46 -4.72
-19.61 3.85 -4.15
-2.70 0.11 -4.70
-19.61 2.76 1.28
-5.17 6.62 -0.68
13.59 -4.80 0.66
6.17 -3.60 2.30
-19.61 1.34 -6.83
-18.24 -1.20 5.99
-7.34 1.34 3.55
-19.61 -0.78 -3.30
0.31 5.19 -1.00
2.59 -1.41 -19.61
8.67 -1.43 3.80
-15.83 4.33 -10.70
-8.14 2.23 4.91
-7.07 3.54 4.42
-19.61 -3.10 -8.83
4.29 2.36 0.15
1.39 -4.02 3.00
7.32 -1.16 3.95
-19.61 -1.58 -6.90
-4.39 0.09 0.42
-9.56 3.09 3.87
-19.61 -9.52 -7.08
1.78 0.49 2.68
-0.37 9.61 -10.30
2.69 -5.20 2.51
-19.27 -5.65 -3.68
-4.84 0.58 1.82
-8.84 3.19 3.44
-13.21 -1.21 -3.25
-10.47 1.77 3.57
-17.41 8.99 -14.28
11.25 -5.82 3.94
2.07 4.94 -2.25
-15.47 -1.65 -1.87
-15.18 -2.72 -1.02
-1.77 0.53 2.20
-19.61 2.36 -6.48
-2.41 0.87 0.80
8.66 3.01 -9.79
4.39 -0.94 1.80
-19.61 -5.11 -4.01
-7.90 -0.24 6.31
-12.42 3.87 2.94
-15.78 2.21 -9.51
5.07 0.03 3.50
5.03 0.16 -0.20
-13.25 0.76 -2.47
-13.53 3.85 9.27
-7.86 1.38 4.61
-19.61 1.53 -5.46
-7.65 -4.50 -1.84
9.70 1.64 -2.09
-3.47 -6.94 -2.17
-19.61 -0.29 -2.66
-6.58 2.04 2.99
-8.49 2.80 0.81
-19.61 -8.22 -8.80
4.95 -1.55 1.70
5.95 -0.54 -0.69
-7.38 1.74 -2.32
-19.61 -4.78 5.57
-5.38 2.29 3.67
-13.44 4.60 1.69
-14.35 8.08 -5.11
19.61 -17.71 13.39
8.00 -2.98 6.81
-10.61 4.43 -5.47
-14.66 0.09 2.64
-8.86 -0.96 2.70
-19.61 9.00 -5.53
3.14 1.65 6.34
4.02 10.52 -13.83
5.21 -6.03 2.70
-19.61 3.05 -3.33
-13.02 -0.72 6.22
-19.61 8.11 3.20
-5.10 2.85 1.06
11.03 -5.21 -6.60
5.26 -1.09 1.87
-19.61 -4.05 0.45
-9.14 -1.68 6.21
-6.90 2.69 3.21
-19.61 2.03 -2.34
-0.07 2.50 -2.66
11.27 1.93 -3.46
6.04 -1.13 2.60
-19.61 -3.85 -7.89
-9.38 0.32 2.13
-9.06 3.02 3.66
-19.61 -3.50 -12.23
1.76 1.22 3.10
11.57 -12.03 17.25
-19.61 2.10 6.38
-19.61 14.66 -6.51
9.65 2.22 10.57
12.10 -5.71 10.30
-19.61 19.61 -6.81
0.44 6.72 -0.94
3.34 -1.27 -1.88
-6.81 4.95 -0.42
-19.61 19.61 -19.61
6.93 0.67 5.39
16.22 -8.05 5.17
-19.61 19.61 -15.29
-6.67 1.91 1.34
1.16 -8.09 -4.61
5.21 -3.28 5.92
-19.61 11.63 11.46
-1.78 4.19 0.00
14.89 -0.15 -6.04
3.08 1.03 6.35
-19.61 1.71 -0.54
-19.61 5.27 -1.44
-1.74 2.76 -1.20
-2.13 -19.61 0.06
-0.87 2.88 4.41
-19.61 -0.90 6.77
-7.80 -1.63 2.49
-19.61 3.45 0.52
-1.94 4.42 -2.77
3.75 -4.49 0.40
4.59 -2.86 5.78
-19.61 4.05 -3.60
-9.58 2.72 2.40
-14.59 2.50 2.14
-19.61 4.46 -12.85
5.28 -7.99 -1.66
7.91 0.88 2.41
-3.45 -6.83 -0.46
-19.61 -10.67 9.62
-6.82 -8.73 -1.52
-10.37 -3.56 3.66
-19.61 -14.28 -7.28
2.40 -9.87 -2.45
0.58 -2.47 -2.80
-7.97 -7.89 -1.71
-19.61 -8.23 3.92
-5.87 -5.29 -0.85
-17.93 -2.36 5.02
-15.58 -4.79 -3.00
4.73 -9.48 5.91
0.64 -5.61 1.03
-19.61 -9.44 -2.51
-10.53 -4.81 2.06
-9.97 -2.68 3.46
-19.61 -8.39 -7.30
-0.64 -5.14 -1.06
-2.12 3.38 -4.53
-7.50 -7.02 -3.28
-19.61 -16.16 5.37
-8.01 -4.67 -0.14
-13.66 -2.56 2.79
-19.61 -5.12 -8.83
5.48 -13.53 5.69
-0.85 -8.61 1.48
-17.66 -6.88 -1.25
-19.24 -3.27 8.86
-9.58 -5.12 3.29
-16.12 -1.60 1.56
-19.61 -2.19 -4.34
9.51 -18.63 2.03
1.55 -6.44 2.41
-19.61 -8.78 4.05
-10.83 -9.41 5.49
-8.85 -4.83 4.71
-19.61 -7.53 6.33
-18.98 -1.19 -3.96
3.83 1.30 -14.75
3.44 -11.61 -2.60
-19.61 -7.94 1.00
-17.02 -9.22 8.04
-10.64 -6.88 3.21
-19.61 0.23 3.07
-2.83 -4.98 4.59
4.71 -4.08 -7.48
5.48 -6.77 4.96
-19.61 -6.21 -5.27
-12.70 -3.28 3.91
-9.43 -5.04 3.69
-19.61 -8.33 -10.96
5.06 -7.81 2.68
-3.39 -17.33 0.03
2.20 -8.55 2.45
-19.61 -6.08 4.61
-10.82 -7.68 2.35
-8.47 -5.83 4.64
-19.61 2.98 -2.41
-0.75 -7.58 4.79
-2.58 -6.00 -7.99
-7.54 -7.66 2.22
-19.61 -8.42 -0.32
-5.33 -6.86 0.20
-15.00 -3.53 4.56
-19.61 -8.08 -3.40
3.96 -7.61 3.31
-1.78 -5.71 -0.48
-11.27 -2.40 -3.82
-19.61 -11.73 -1.84
-8.89 -4.88 2.19
-11.26 -2.94 3.81
-19.61 -3.89 -10.98
2.10 -6.10 1.16
-0.59 -6.66 -1.05
-11.56 -7.10 -4.30
-19.61 -7.81 6.17
-7.30 -5.45 3.93
-19.61 -8.56 6.36
-10.65 -5.82 0.66
8.21 -6.05 -2.15
1.64 -7.23 0.12
-19.61 -9.91 0.86
-18.77 -6.50 13.59
-8.27 -5.99 4.56
-19.61 -9.82 0.81
-15.80 5.41 -4.94
-4.54 -11.85 -18.58
1.49 -10.93 3.95
-19.61 -7.01 -0.30
-17.71 -10.38 10.84
-5.86 -5.95 2.84
-19.61 -9.20 0.54
0.63 -6.73 -0.76
-2.07 -6.04 -17.51
3.50 -9.62 1.28
-19.61 -13.78 -1.72
-6.62 -9.00 -0.39
-9.79 -4.09 4.54
-8.76 -5.67 4.33
-19.61 -7.16 -11.64
2.32 -7.18 2.56
-0.67 -1.12 -6.97
-14.44 -13.39 1.98
-19.61 -16.57 0.45
-8.59 -8.61 2.93
-4.76 -5.60 3.26
-19.61 -6.12 -1.37
2.41 -4.88 1.24
-5.89 -15.23 4.54
-1.71 -3.87 1.84
-19.61 -14.48 -3.06
-13.52 -9.04 1.65
-10.61 -8.56 2.06
-16.91 -7.40 4.98
-19.61 -7.80 -3.51
6.27 -9.24 3.91
4.36 -11.69 2.47
-16.82 -4.07 -5.13
-19.61 -6.52 8.34
-8.53 -4.32 1.62
-19.61 -6.77 2.12
-8.87 -8.02 -0.29
3.08 -1.25 -9.36
2.18 -11.29 2.36
-19.61 -5.04 -3.87
-8.01 -6.52 1.14
-11.64 -3.16 4.99
-19.61 -6.00 -2.50
6.90 -10.77 6.36
2.77 -10.96 -0.05
-8.49 -1.42 -0.91
-11.60 -19.61 10.84
-8.72 -1.97 2.13
-19.61 -7.08 3.77
2.05 -1.36 -1.94
-10.34 -19.61 1.99
4.87 -11.17 3.35
-19.61 -4.75 -2.80
-8.18 -8.32 5.55
-19.61 -1.86 7.98
-15.53 -1.81 -0.30
9.43 -16.68 2.00
2.98 -9.39 2.24
-14.23 -4.71 1.57
-19.61 -6.14 9.41
-8.98 -4.09 3.40
-19.61 -13.50 -0.37
0.62 -6.72 0.17
-6.94 -7.55 -5.44
-2.49 -8.81 1.56
-19.61 -18.12 1.43
-11.51 -4.45 4.75
-15.67 -4.13 4.94
-19.61 -6.73 -3.46
6.42 -10.52 3.34
0.64 -6.93 -0.86
-12.10 -6.12 -1.56
-19.61 -5.45 3.50
-10.72 -4.97 5.54
-19.61 -5.60 0.74
-9.07 -6.42 -0.46
-2.04 -18.36 1.69
-0.89 -8.37 1.25
-19.61 -11.83 0.94
-12.71 -6.30 2.11
-13.46 -3.52 1.40
-19.61 -5.72 -4.90
6.66 -9.19 4.80
3.20 -4.82 1.47
-19.61 -7.76 -1.74
-13.91 -5.54 8.39
-17.58 -1.76 3.26
-19.61 -4.80 -4.13
7.31 -8.81 2.54
7.45 -4.96 -0.65
-19.61 -12.45 2.21
-19.61 1.98 7.40
-11.38 -6.97 -1.12
11.08 -8.18 -6.31
2.69 -7.40 2.77
-19.61 2.66 1.96
-19.61 -4.30 -0.39
2.04 -6.93 2.13
-1.58 -11.23 2.42
-7.88 -5.03 2.29
-19.61 -7.11 19.61
-17.39 -3.20 -0.91
3.71 -4.97 5.39
3.29 -5.23 -1.01
-19.61 -8.05 4.92
-19.61 -9.74 17.47
-10.43 -4.73 2.17
-19.61 -8.26 -5.92
-1.66 -7.46 2.35
-4.80 -7.33 -6.22
-4.03 -6.84 -2.28
-19.61 -13.53 7.79
-7.71 -6.04 3.48
-19.61 -1.90 6.14
-3.38 -4.91 3.45
5.15 -4.92 -11.27
2.35 -5.62 3.38
-19.61 -10.89 7.32
-11.27 -9.33 5.26
-7.31 -5.62 2.18
-19.61 -8.87 -7.89
0.44 -6.67 2.97
-4.29 -4.98 -8.78
-5.39 -11.93 -1.61
-19.61 -17.61 5.02
-7.32 -4.75 3.03
-19.61 -3.31 7.98
-18.08 -1.24 0.67
12.45 8.00 -15.42
6.66 -6.18 -1.60
-19.61 -9.97 -0.23
-15.34 -9.77 10.79
-8.71 -5.83 3.44
-18.79 -6.15 7.77
-17.10 -3.11 -5.20
15.91 -4.24 2.15
2.02 -7.68 3.80
-6.71 -1.57 6.18
-7.73 -19.61 13.41
-11.49 -5.03 3.42
-9.12 -4.49 2.95
-19.61 -7.03 -3.71
10.07 -12.87 5.83
-1.49 -7.03 4.11
-19.61 -6.56 1.15
-17.73 -8.48 10.52
-10.63 -5.78 4.10
-9.56 -5.63 2.13
-19.61 -1.51 -6.95
10.84 -7.94 5.51
-6.03 -9.04 9.14
-11.50 -5.66 -4.08
-19.61 -13.13 4.64
-7.71 -7.10 3.58
-9.76 -3.72 3.16
-19.61 -10.55 -10.37
7.15 -8.92 1.20
-4.19 -4.32 0.40
-9.35 -7.48 0.45
-19.61 -7.31 5.62
-6.83 -4.68 2.92
-19.61 -3.35 5.09
-2.70 -6.94 1.46
-8.92 -19.61 -13.59
2.49 -8.02 5.04
-19.61 -6.99 -1.79
-7.72 -4.32 1.04
-8.88 -4.41 3.17
-19.61 -8.92 -4.11
6.36 -9.91 4.47
-0.45 -5.09 -11.36
-4.02 -11.14 -0.67
-19.61 -1.33 2.62
-8.61 -13.53 2.57
-13.68 -6.60 6.23
-19.61 -8.97 -3.01
3.45 -7.50 -0.47
-2.07 -9.41 -1.27
-3.97 -5.63 -1.32
-19.61 -6.59 6.63
-8.40 -4.64 -0.85
-19.61 -0.83 6.15
-3.46 -4.29 1.86
-0.30 -8.48 -3.27
1.37 -8.09 -0.75
-19.61 -7.01 -5.67
-12.55 -7.32 1.72
-16.19 -1.43 6.99
-19.40 -7.97 -1.38
3.10 -10.29 2.14
1.30 -6.27 -0.47
-13.29 -7.54 0.63
-19.61 -3.98 6.08
-12.31 -4.01 4.85
-19.61 -6.11 -6.48
3.34 -4.92 0.28
-0.32 -6.48 -0.34
-7.83 -6.84 -3.11
-19.61 0.17 2.79
-14.44 -0.89 2.44
-19.61 -5.34 -4.76
5.53 -9.65 7.11
-0.96 -5.75 -1.44
-3.53 -8.36 1.12
-19.61 -9.80 15.26
-8.14 -4.43 2.56
-19.61 -1.67 1.15
-1.65 -2.24 -1.91
-2.01 -10.42 -0.52
0.56 -8.76 1.32
-19.61 -3.47 -6.56
-11.74 -6.11 3.14
-13.41 -1.55 3.18
-19.61 -5.08 -5.57
4.61 -8.13 6.29
-2.57 -9.38 0.26
-7.40 -4.08 -5.33
-19.61 -5.69 10.46
-7.32 -5.81 1.66
-14.11 -1.56 4.52
-19.61 -6.39 -6.68
3.11 -2.32 -1.75
-4.17 -5.67 -0.81
-6.35 -8.67 -4.50
-19.61 -3.34 1.15
-7.68 -5.03 1.84
-18.05 -0.33 4.73
-19.61 -0.86 -5.55
16.15 -19.23 5.87
0.70 -7.31 -1.73
-14.42 -0.92 1.98
-17.28 -8.57 5.41
-6.54 -3.90 2.52
-19.61 -4.48 5.60
-11.61 -6.89 -1.38
-11.97 -19.61 3.51
1.25 -6.66 -0.65
-19.61 -10.41 5.10
-10.89 -3.27 4.33
-9.34 -4.86 2.91
-19.61 -5.02 2.72
-5.29 -3.66 3.94
-5.53 -1.67 -19.61
4.12 -10.53 6.15
-19.61 -7.69 0.92
-10.21 -10.02 3.77
-7.61 -5.96 2.46
-19.61 1.23 3.85
-2.43 -4.37 0.39
-11.60 -16.54 6.04
1.92 -9.46 3.28
-19.61 -9.14 -0.02
-11.62 -4.30 3.92
-10.67 -2.62 3.64
-14.11 -5.26 1.99
-19.61 -8.19 -3.56
8.17 -10.68 0.98
0.77 -5.32 1.44
-13.29 -4.36 3.45
-18.83 -9.79 3.11
-9.70 -4.50 3.57
-7.40 -5.01 2.06
-19.61 -12.53 -5.47
0.66 -6.39 3.23
4.03 -6.29 -6.08
-10.33 -7.71 2.21
-19.61 -3.86 6.11
-7.32 -5.32 3.17
-16.67 -0.94 3.95
-19.61 0.23 -0.40
9.21 -13.38 -5.75
1.47 -7.26 0.59
-16.73 -7.00 2.84
-19.55 -4.12 4.23
-11.55 -6.72 2.15
-19.61 -1.74 0.45
-1.33 -2.87 1.88
-0.62 -3.74 -0.75
2.28 -10.83 4.58
-19.61 -4.16 -5.91
-15.17 -5.19 4.84
-6.40 -5.74 2.58
-19.61 3.63 2.37
-5.72 -2.94 -1.89
3.63 3.13 -13.64
2.72 -8.34 2.16
-19.61 -8.05 -13.41
-16.51 -2.02 0.73
-5.64 -5.64 3.07
-19.61 -6.17 -5.83
11.28 -5.91 9.23
-6.21 -5.55 -5.76
1.48 -12.74 3.64
-19.61 -7.69 -5.46
-12.84 -9.32 4.27
-9.78 -4.68 3.13
-19.61 -12.43 -0.42
6.29 -9.86 3.97
-0.70 -3.89 -4.59
-1.39 -9.77 1.91
-19.61 -7.13 -4.02
-11.48 -7.10 2.72
-9.82 -5.73 3.24
-19.61 -4.19 -6.10
7.66 -8.72 6.28
0.91 -7.86 2.28
-11.99 -5.49 -0.26
-19.61 0.85 2.91
-8.20 -5.78 3.62
-14.81 -3.22 3.90
-19.61 -9.87 -0.96
-3.26 -5.93 1.58
-3.28 -13.90 -0.57
-2.89 -9.11 -1.69
-19.61 -9.37 3.43
-10.12 -8.27 -2.60
-13.61 -11.74 2.62
-10.68 -10.79 3.44
-12.10 -7.05 2.92
-10.17 -9.06 1.88
-11.19 -9.91 3.02
-19.61 -7.15 6.13
-18.38 -5.20 -1.07
10.03 -16.53 7.13
2.99 -8.54 1.35
-19.61 -4.31 -0.06
-14.77 -11.94 3.87
-11.14 -3.52 2.48
-19.61 -6.29 8.52
-5.37 -7.03 2.93
2.81 -7.98 -5.49
1.44 -7.82 0.90
-15.22 -3.56 2.68
-12.08 -12.52 3.95
-10.70 -3.71 3.16
-19.61 -3.27 4.85
-8.70 -3.02 1.16
9.41 -15.50 -7.10
5.26 -6.57 1.39
-15.06 -7.68 1.67
-19.27 -4.71 7.43
-10.72 -5.06 3.34
-19.61 -9.52 -3.65
4.18 -5.84 3.82
-2.69 -4.82 -1.21
-1.82 -9.13 0.74
-19.61 -12.90 0.61
-8.95 -5.49 3.44
-12.71 -4.07 2.23
-19.61 -13.28 -6.09
3.28 -2.99 -2.29
0.17 -7.39 1.50
-12.97 -7.87 0.04
-19.56 -7.76 5.59
-8.30 -4.64 1.87
-19.61 -4.93 -0.36
-4.76 -9.07 -0.76
-3.33 -8.18 -2.62
-10.84 -5.59 -3.27
-19.61 -3.62 -4.44
-8.99 -2.94 1.44
-19.61 -3.21 -5.23
-2.98 -6.13 -0.74
0.38 -15.70 1.39
-9.65 -7.77 -4.62
-19.61 0.57 4.57
-9.15 -3.95 1.57
-19.61 -1.27 -1.33
-5.09 -4.71 2.80
-3.53 -14.42 4.51
-1.96 -10.49 0.13
-19.61 -6.09 -1.96
-12.68 -3.90 4.55
-19.61 -1.46 0.96
-10.77 -1.95 -1.82
-2.54 -19.61 7.18
-2.14 -9.15 2.53
-19.61 -6.55 -3.86
-7.63 -6.70 3.23
-15.02 -4.40 3.00
-19.61 3.06 -7.41
16.10 -12.11 10.12
-3.81 -11.58 2.48
-2.46 -6.44 -0.75
-19.61 -7.31 -4.30
-8.26 -6.43 2.77
-19.61 -2.38 2.89
-8.35 -4.01 5.73
0.93 -1.86 -3.21
0.39 -9.23 1.08
-8.31 -1.01 2.75
-19.61 -4.62 4.15
-9.41 -5.14 2.40
-19.61 -4.04 3.81
5.30 -1.35 2.41
-5.77 19.61 -14.68
6.13 -10.64 3.12
-19.61 -11.21 -2.58
-11.16 -8.47 5.03
-14.49 -8.09 2.85
-8.61 -4.94 1.81
-19.61 -10.08 -6.30
4.24 -6.34 3.92
-0.06 -6.08 0.55
-12.12 -4.52 -1.47
-19.61 -3.86 3.23
-6.69 -6.09 3.94
-19.61 -3.17 -0.48
0.35 -6.81 0.08
-0.36 -9.01 -2.97
-0.52 -7.77 0.95
-19.61 -13.65 -7.13
-6.98 -3.60 -2.75
-17.21 -4.36 3.14
-19.61 0.09 -5.08
9.40 -8.15 0.45
0.73 -6.90 -0.23
-10.68 -7.80 1.13
-17.47 -9.94 5.53
-19.61 -1.15 3.70
-10.62 -3.54 0.11
3.91 -0.35 -13.70
2.93 -7.12 0.03
-19.61 -5.97 0.56
-13.64 -13.33 -1.88
-19.61 -2.54 2.41
-13.02 -1.41 -1.61
10.25 -5.25 -11.14
1.39 -6.30 0.22
-16.21 -7.75 -3.09
-19.61 -10.22 6.73
-19.61 -1.74 -0.56
-0.73 -5.66 5.90
2.10 -8.74 -4.59
0.37 -9.86 2.97
-19.61 -6.80 -8.55
-15.31 -6.27 7.89
-19.61 -4.85 -2.15
-2.38 -10.02 5.40
0.22 -4.15 -6.10
-1.65 -11.50 2.42
-19.61 -6.72 2.79
-11.24 -7.33 2.45
-19.61 -0.21 -0.10
-8.52 -4.17 2.70
-3.62 -19.61 8.08
0.38 -8.90 1.51
-19.61 -10.50 -7.73
-13.90 -6.88 2.08
-15.40 -2.03 3.31
-19.61 3.02 -2.92
9.68 -19.03 0.17
1.21 -8.11 -0.94
-8.39 -4.85 3.17
-19.61 5.51 7.02
-14.86 -3.02 1.99
-19.61 -9.06 -1.41
-1.62 -10.30 4.60
-0.42 -6.01 -3.59
-13.70 -9.27 0.67
-19.61 -2.55 4.60
-13.30 -5.87 2.24
-19.61 -4.90 -3.68
1.97 -10.31 3.66
-0.63 -9.68 -0.33
-4.10 -6.92 -2.34
-19.61 -2.40 0.76
-11.16 -6.43 1.04
-19.61 -0.41 1.28
-13.89 -4.73 -3.50
1.84 4.43 -12.08
1.82 -6.91 -1.64
-19.61 -8.52 -2.29
-19.61 -4.42 2.87
-19.61 -0.58 -9.86
4.86 -4.68 6.33
3.01 -7.75 -1.48
-12.88 -5.90 -1.37
-19.61 0.92 3.19
-19.61 -2.24 -9.63
6.40 -2.82 2.85
0.20 -9.84 3.60
-8.60 -5.83 0.94
-19.61 -2.11 6.99
-18.51 -4.39 1.87
-19.61 -2.15 -2.66
3.25 -7.84 -0.96
3.74 -5.97 -0.09
-17.83 -1.94 -0.45
-19.61 1.55 5.27
-19.61 -4.41 -2.20
4.40 -4.56 0.92
-0.23 -7.55 -3.03
-7.79 -8.15 3.34
-19.61 -1.52 4.87
-19.61 -1.86 0.95
-8.27 -2.87 4.55
-0.78 -6.55 -7.66
1.36 -9.76 2.10
-19.61 3.13 -0.42
-9.90 -11.57 4.10
-1.13 -16.42 4.82
-6.27 -17.08 3.33
-5.42 -18.21 1.65
-6.43 -16.10 -0.58
-6.43 -16.35 -1.84
-6.75 -1.98 2.39
-5.46 -0.59 2.42
-12.13 -0.00 1.15
-19.61 -3.87 -7.89
8.64 1.70 3.74
-1.01 -1.37 -3.45
5.17 -3.51 3.84
-19.61 -0.34 -0.57
-6.80 1.76 -1.76
-19.61 3.14 -3.35
10.36 -5.79 9.03
-2.60 2.99 -5.56
7.36 -7.12 7.12
-19.61 9.07 -10.82
-10.30 0.72 3.13
-19.61 4.67 -3.36
7.00 0.63 6.12
-4.57 5.63 -4.03
7.45 -5.15 5.81
-19.61 -4.73 -6.36
-8.66 2.55 3.39
-19.61 8.21 2.81
-9.25 -1.52 8.22
9.86 -2.07 -3.94
7.90 -2.94 3.01
-19.61 0.92 -2.87
-7.38 -10.75 0.64
-10.73 6.54 3.27
-13.81 4.78 0.56
10.37 -6.88 6.21
6.95 -1.88 2.69
-10.96 8.33 -2.50
-16.30 -5.69 7.59
-10.18 6.42 0.49
-19.25 2.67 -4.00
9.75 -0.75 5.18
2.20 -3.82 0.01
-6.00 7.23 0.88
-19.61 -2.04 13.83
-5.49 4.02 3.62
-19.61 3.40 -6.92
1.58 0.57 1.45
1.02 0.29 -3.63
-1.19 0.91 -1.93
-19.61 13.02 10.42
-2.41 4.02 2.12
-19.61 -0.91 0.32
8.15 1.58 -2.30
-3.47 -14.12 3.14
4.70 -3.28 7.58
-19.61 -0.40 -5.20
-3.93 0.82 2.01
-19.61 7.48 3.61
-0.44 3.36 2.19
9.13 -0.16 -4.67
9.44 -2.51 4.81
-19.61 4.94 1.81
-4.70 -1.14 3.27
-8.95 5.44 1.54
-19.61 3.18 -9.26
8.31 -0.99 9.74
-2.64 -0.49 -5.06
-4.35 2.83 -0.55
-19.61 4.97 8.96
-1.28 -0.11 1.67
-19.61 5.73 -5.53
1.00 4.08 1.78
-1.84 -14.53 -5.48
1.54 -0.37 5.91
-19.61 2.29 -1.52
-7.96 3.78 2.26
-8.59 7.08 2.89
-19.61 4.59 -8.12
5.89 1.02 2.24
5.44 0.08 1.43
-10.14 2.32 -1.44
-19.61 8.94 -2.21
-6.20 3.49 -2.77
7.76 -7.25 -7.69
2.70 -0.50 9.74
-19.61 16.58 -0.04
-19.61 4.99 -5.85
5.37 -2.78 5.37
3.46 -4.98 -0.54
-2.43 4.00 -0.96
-19.61 2.34 11.40
-19.61 0.64 -3.96
9.88 0.18 6.62
6.92 3.53 2.97
-11.21 1.42 -1.65
-19.61 15.66 5.23
-14.62 6.24 -9.24
11.21 -2.31 8.06
6.56 -0.27 1.73
-19.61 5.96 -3.27
-15.03 6.19 6.35
-14.25 10.72 -7.30
7.17 -5.66 10.98
8.13 -4.18 2.89
-17.78 0.62 -4.40
-12.11 -2.50 6.93
-5.07 3.36 2.15
-19.61 5.36 -12.91
11.63 -5.25 12.15
0.48 -2.24 -1.21
-2.64 -3.26 3.70
-19.61 10.68 1.32
-4.23 1.68 2.37
-19.61 6.52 0.01
-4.12 3.50 0.90
8.03 -0.62 -19.14
4.03 1.35 6.79
-19.61 17.46 -13.10
2.83 -7.58 -9.03
-13.49 -9.81 7.34
5.56 3.40 1.60
4.65 -3.23 3.90
-8.26 7.93 -6.25
-19.61 2.79 4.57
-5.12 2.96 0.55
-19.61 -0.00 -10.70
-1.51 5.07 -0.29
7.77 -1.31 -8.47
4.65 -0.28 1.32
-19.61 -0.39 0.16
-14.21 4.12 1.80
-19.61 5.36 -1.80
-2.45 4.01 -0.24
8.09 3.03 -5.24
1.24 -2.34 2.31
-19.61 0.07 -10.82
-11.47 0.99 1.40
-19.61 3.38 -10.30
2.99 0.43 2.08
1.25 -6.74 0.07
0.98 -1.96 2.80
-19.61 7.78 -6.08
-10.23 4.15 -0.34
-19.61 2.10 -11.70
5.53 -1.40 3.41
3.22 2.40 -0.14
-7.10 -0.77 -3.93
-19.61 6.20 -1.89
-9.09 4.17 3.39
-19.61 -0.68 -0.88
-3.73 0.46 -1.36
-2.28 -6.65 5.08
-1.76 -2.57 -3.71
-19.61 11.91 1.11
-10.02 5.27 0.96
-19.61 1.47 -3.46
1.30 4.53 0.54
-4.84 0.20 1.48
4.67 -4.90 5.85
-19.61 0.22 -1.71
-10.90 3.20 -0.89
-12.04 6.44 1.27
-19.61 1.00 -7.08
6.96 -1.24 9.06
-3.07 -0.20 6.28
-0.57 4.01 -3.73
-19.61 11.35 6.01
-6.13 2.18 2.46
-19.61 8.42 -0.78
1.96 1.11 4.79
-5.78 -9.16 0.33
6.29 -4.57 4.20
-19.61 7.43 -7.85
-11.63 2.10 2.56
-19.61 4.73 -2.49
0.49 -0.05 2.41
2.52 -1.32 3.37
3.09 -0.06 2.76
-19.61 12.46 2.09
-12.37 6.50 0.59
-19.61 3.43 -7.66
5.27 0.25 0.97
2.16 2.16 0.39
-6.02 0.35 0.83
-19.61 5.26 1.07
-18.49 7.00 -0.59
-10.50 3.38 -4.43
10.11 -8.68 8.22
6.79 -1.61 1.79
-15.23 -0.35 -1.46
-10.98 4.39 5.38
-19.61 8.94 -1.11
-13.41 -1.20 -4.63
19.32 -1.29 -2.56
4.56 0.41 2.43
-19.61 -0.40 -10.00
-6.91 1.70 3.92
-19.61 7.59 -8.78
-1.90 5.99 2.46
11.78 7.01 -9.36
3.00 -0.80 3.86
-19.61 1.35 -9.33
-10.39 4.70 -3.23
-19.61 0.62 -10.43
9.81 0.93 7.93
2.15 1.29 -0.72
-0.35 -1.84 1.00
-19.61 7.24 0.68
-9.98 1.98 2.83
-17.66 6.85 -1.80
-7.61 1.83 4.05
19.61 -2.43 -17.11
9.70 -2.70 3.91
-19.61 -7.08 -2.60
-9.90 1.58 6.91
-16.13 6.26 3.29
-9.28 4.72 0.83
19.61 2.54 -11.81
6.76 -0.25 6.19
-19.61 -3.94 8.99
-11.41 7.52 0.93
-7.10 1.64 1.69
-19.61 5.42 -1.20
3.05 4.73 7.34
2.09 -0.90 -1.82
4.91 -5.22 2.70
-19.61 7.31 -3.35
-11.31 2.00 0.80
-7.01 5.38 1.97
-19.61 1.34 -12.70
5.59 -2.78 2.10
-19.61 -8.72 -3.83
-1.57 -5.43 0.80
0.54 -9.76 -1.42
-6.35 -5.02 -1.62
-19.61 -7.32 4.70
-10.12 -5.57 4.35
-19.61 -9.34 0.13
-2.87 -2.13 2.53
-9.46 -15.76 0.40
-2.57 -9.85 -1.99
-19.61 -12.06 6.18
-10.45 -7.24 4.38
-12.47 -1.54 1.41
-19.61 -6.32 -5.71
2.78 -6.49 -2.21
-0.70 -6.85 -1.94
-7.53 -6.75 -4.89
-19.61 2.35 2.76
-9.91 -5.29 3.13
-19.61 -0.78 1.43
-11.69 -1.25 0.78
3.70 -3.19 -16.97
3.82 -10.47 4.72
-19.61 -1.80 -2.55
-12.43 -7.82 7.36
-15.53 0.07 2.89
-19.61 -2.20 -8.46
18.55 -11.92 -3.06
1.28 -8.42 0.40
-10.27 -3.63 2.49
-19.61 -4.53 1.88
-9.20 -2.56 3.53
-19.61 -8.61 -4.58
2.61 -6.66 -1.09
0.95 -7.02 -3.54
-5.36 -9.11 -0.22
-19.61 8.71 -6.07
-9.97 -2.79 1.98
-19.61 -4.80 0.41
2.91 -6.61 -1.15
3.75 -3.25 -5.94
-1.95 -7.64 2.02
-19.61 0.11 -11.08
-9.50 -6.75 -1.06
-19.61 -3.93 -1.36
-9.14 -7.54 0.97
0.51 -9.85 -11.30
-0.70 -7.53 1.04
-19.61 -7.53 -4.35
-9.21 -4.76 1.98
-19.61 0.65 4.78
-19.61 -5.05 -8.77
10.34 -10.49 9.68
2.64 -9.50 1.95
-19.61 -2.21 -0.57
-13.59 -2.66 3.58
-11.43 -1.48 2.25
-19.61 -0.05 -9.49
6.77 -13.98 8.38
-0.19 -11.53 2.78
-5.23 -2.64 -0.83
-19.61 2.50 4.63
-7.78 -4.53 1.08
-19.61 -5.89 -2.96
3.70 -3.65 0.78
-3.04 -9.28 5.13
-7.32 -11.07 0.51
-19.61 -1.93 3.47
-5.77 -5.65 3.78
-19.61 0.02 -1.04
1.37 -3.67 3.94
2.23 -13.39 -0.76
-0.21 -7.56 -0.38
-19.61 -4.30 -5.24
-6.29 -8.73 -1.31
-12.10 -3.74 0.05
-19.61 -2.75 -7.84
5.86 -4.67 -3.10
1.14 -6.73 2.58
-10.22 -7.90 -0.27
-19.61 12.90 -0.00
-3.44 -6.87 -0.73
-19.61 4.43 1.91
-4.25 -5.86 4.25
-12.49 -19.61 0.29
-2.19 -11.10 -0.15
-19.61 -8.51 14.48
-7.60 -3.87 3.20
-19.61 2.97 2.77
-5.08 -7.88 7.37
-2.29 -8.72 -14.94
-1.48 -8.24 3.05
-19.61 -12.99 1.43
-10.31 -6.08 1.56
-8.24 -3.47 3.03
-19.61 -10.03 8.16
5.17 -7.42 -0.16
4.76 -7.28 -7.05
-1.27 -8.68 -2.08
-19.61 -3.08 3.30
-8.49 -6.38 3.55
-19.61 0.19 3.19
-6.72 -7.25 5.05
-0.01 -14.19 -11.85
-0.10 -9.54 4.12
-19.61 -6.25 -2.69
-15.35 -7.20 2.77
-11.52 -5.06 2.22
-19.61 -10.58 -2.09
1.56 -10.06 5.92
2.96 -4.64 -1.87
-7.85 -5.92 -1.04
-19.61 -1.94 8.95
-19.61 4.75 1.74
-6.30 -5.41 2.77
-4.46 -19.61 -3.99
-3.43 -3.26 -3.30
-19.61 -2.25 9.44
-19.61 0.07 -4.10
0.09 -7.13 0.33
2.47 -8.69 -5.10
-6.98 -9.96 -1.30
-19.61 6.36 8.55
-10.84 -3.77 4.32
-19.61 0.03 -8.31
8.87 -0.91 -0.70
3.37 -6.80 -6.94
-10.88 -8.63 -1.86
-19.61 2.52 2.64
-18.55 0.77 1.10
-13.45 -6.17 2.39
8.95 -12.48 2.32
3.19 -5.32 0.11
-19.61 -7.28 -0.96
-14.19 -0.31 -0.54
-19.61 -8.73 -4.35
5.74 -3.98 6.98
2.06 -4.84 -2.37
-7.73 -7.97 -2.54
-19.61 3.69 5.89
-8.35 -4.43 1.33
-19.61 -6.36 -1.56
-1.36 -10.42 -0.03
1.33 -15.21 -5.15
-7.78 -6.33 -0.33
-19.61 1.70 5.60
-16.71 -1.28 1.75
-19.61 -3.41 -1.50
2.34 -11.45 1.00
1.62 -7.01 -1.16
-7.90 -8.38 1.05
-19.61 4.47 -0.39
-19.61 1.19 -3.25
1.29 -6.54 5.13
3.77 -8.23 -7.97
-6.07 -7.45 -2.48
-19.61 13.23 -1.19
-12.27 -3.96 0.85
-19.61 -4.19 -5.09
3.17 -7.35 -1.84
1.87 -6.48 -1.22
-9.41 -10.08 0.69
-19.61 1.29 -2.37
-15.84 -0.23 0.74
-19.61 -2.03 -6.17
10.83 -19.61 4.91
2.03 -9.10 1.56
-16.75 -3.91 -0.47
-19.61 5.94 0.43
-19.61 3.53 2.95
-11.81 -6.26 0.67
11.46 -9.75 -2.56
-1.54 -9.02 -0.32
-19.61 -8.28 -2.73
-14.43 -3.82 1.79
-19.61 -0.12 -6.40
-0.65 -7.73 5.82
0.18 -6.50 0.59
-12.06 0.09 0.74
-19.61 2.50 4.10
-19.61 3.20 -3.33
-7.58 -5.62 2.62
3.96 -6.52 -12.60
-1.87 -7.87 -1.50
-19.61 -5.19 2.15
-17.33 -3.33 -1.76
-19.61 -3.48 -2.95
8.66 -14.27 -0.30
3.63 -7.61 2.78
-19.61 -2.68 1.52
-17.89 4.64 -1.78
-19.61 2.37 -10.46
9.80 -9.23 10.01
3.65 -6.75 2.43
-19.61 -1.92 0.22
-16.12 1.84 -0.69
-19.61 -3.75 -9.69
6.42 -3.89 1.02
1.87 -11.55 0.16
-10.40 -5.55 0.90
-16.94 4.36 -2.45
-19.61 -1.27 -7.22
-1.71 -6.74 1.89
-1.09 -6.52 -13.96
-0.38 -6.67 -3.30
-19.61 4.38 9.90
-19.21 2.77 -2.69
-7.73 -4.02 1.84
9.01 -19.61 5.50
2.57 -6.55 2.38
-19.61 -5.54 1.91
-17.48 -1.22 -3.71
-18.98 -0.74 -5.53
7.42 -12.59 6.45
2.17 -7.65 1.05
-19.61 -2.09 -2.68
-18.16 3.94 -6.30
-19.61 -2.13 -4.24
3.57 -7.97 0.03
4.08 -10.44 -3.58
-7.09 -6.73 -0.97
-19.61 15.22 -3.69
-19.61 7.51 -4.25
-3.76 -3.62 3.22
-3.80 -5.91 -19.61
3.99 0.11 2.30
5.32 -1.40 1.22
-4.56 3.11 0.09
-18.33 5.89 5.23
-18.55 7.38 -1.02
-2.84 0.90 -1.87
4.17 -0.26 3.52
4.30 -3.35 2.19
-14.07 7.20 -6.24
-13.53 1.18 -1.72
-19.61 9.27 -6.00
-1.21 1.67 2.78
0.85 -12.53 4.05
3.28 -1.78 1.87
-19.61 2.90 -8.14
-11.90 2.29 0.48
-19.61 8.97 -0.43
-0.93 2.74 1.29
-9.17 -14.49 -2.03
7.03 -1.35 3.84
-19.61 -2.58 0.53
-12.47 4.63 2.85
-16.40 7.36 -0.23
-10.33 8.25 0.39
12.86 -17.15 8.98
4.70 -1.65 3.37
-10.00 1.29 1.98
-13.21 6.66 1.67
-18.68 8.86 0.03
-8.50 9.28 -2.96
18.71 4.24 -4.87
5.36 -2.02 -1.19
-12.52 2.73 1.87
-14.64 0.06 5.07
-13.08 7.00 0.45
-19.61 8.31 -9.23
7.87 -3.38 8.83
1.75 -1.98 2.43
-10.41 2.59 6.02
-19.00 13.96 -3.32
-9.79 4.38 2.17
-19.61 7.09 -9.46
7.84 1.01 4.19
3.70 0.63 -1.19
-0.32 -1.40 0.21
-19.61 0.85 0.60
-9.76 4.83 0.24
-11.26 5.39 -0.29
-16.12 4.00 -1.44
-5.93 -2.55 6.10
4.84 -3.40 -1.92
-1.59 -2.90 -1.02
-19.61 5.24 2.90
-8.51 4.77 -0.74
-11.54 6.38 -0.57
-19.61 -1.51 -4.77
1.29 -0.39 4.79
2.74 -2.42 0.76
-3.93 -0.56 -4.24
-19.61 3.22 2.04
-7.01 2.08 0.47
-19.61 7.97 -3.31
0.73 4.36 1.99
-12.04 -13.44 -0.85
4.83 -5.42 5.72
-19.61 1.47 -6.16
-9.65 3.01 2.05
-14.23 8.73 -0.93
-19.61 6.10 -8.03
7.21 -2.15 19.61
2.17 -0.14 0.40
-6.20 -3.11 -1.03
-19.50 4.76 -0.83
-8.60 3.40 1.58
-19.61 2.68 -4.75
-0.50 2.35 0.02
6.61 3.46 -6.70
-1.69 -0.38 -2.99
-19.61 13.59 -12.98
-9.55 3.57 0.09
-8.38 3.71 0.51
