-2.48 -2.43 8.34
-7.15 -4.35 4.92
-10.83 -2.11 -3.69
-9.09 -4.82 -3.54
-10.09 -2.51 0.80
-10.82 -0.95 2.70
-10.70 -1.15 5.02
-12.11 -2.18 1.70
-2.29 -1.05 6.52
-9.13 -2.00 0.61
-5.62 -4.01 -5.22
-9.15 -5.23 -1.39
-9.87 -6.90 2.05
-8.14 -3.11 3.59
-10.72 -1.47 5.80
-4.60 0.05 3.20
-2.59 -1.27 6.70
-8.72 -2.71 2.59
-8.65 -7.35 -3.29
-7.77 -6.85 -1.55
-7.70 -6.14 1.24
-9.72 -5.70 4.43
-10.35 -5.95 1.78
-7.51 -3.69 16.45
-5.56 -3.47 7.93
-9.01 -4.71 2.60
-7.66 -8.53 -2.46
-7.37 -5.23 -3.34
-8.51 -4.00 -0.75
-8.30 -3.73 2.00
-10.18 2.56 -0.00
-3.25 1.22 4.08
-5.04 -4.17 8.72
-7.85 -3.17 4.42
-9.48 -2.15 -4.15
-10.74 -4.47 1.02
-10.22 -6.51 0.32
-10.21 -4.51 -0.71
-9.29 -3.86 0.43
-4.76 -6.76 10.14
-4.66 -3.44 7.55
-9.68 -4.84 0.04
-7.40 -3.49 -0.77
-9.11 -2.14 -0.93
-8.25 -4.69 0.75
-10.39 -5.79 3.91
-5.99 -5.81 1.28
-4.87 -5.83 10.94
-6.22 -4.89 7.39
-6.41 -7.50 -11.53
-6.36 -5.27 1.11
-12.04 0.45 2.01
-10.08 -2.87 1.44
-10.53 -5.09 4.55
-11.73 -4.25 6.60
-7.07 -0.42 13.67
-8.84 -4.94 3.77
-8.62 -3.48 4.36
-11.04 -0.48 -1.17
-8.61 -3.45 -1.81
-8.13 -3.61 0.14
-8.27 -1.57 -0.09
-4.93 -6.26 -2.72
-5.44 -5.94 9.48
-9.00 -1.85 5.58
-9.20 -0.61 -1.49
-10.22 -3.06 0.67
-10.86 -2.99 -2.05
-9.72 -3.31 0.76
-8.40 -2.94 0.28
-7.15 -3.05 3.33
-5.06 -3.76 10.38
-8.22 -3.24 4.53
-19.43 -5.23 7.26
-8.92 -4.68 0.42
-9.85 -6.65 -1.38
-8.80 -3.79 3.05
-10.27 -3.29 5.57
-7.13 0.76 11.41
-6.46 -2.38 9.35
-5.55 -3.40 7.06
-9.88 -1.82 -7.13
-12.83 -5.15 7.91
-8.35 -5.17 3.17
-6.30 -2.52 2.62
-4.29 -2.59 9.49
-5.64 -2.52 9.90
-9.08 0.31 -1.45
-11.01 -2.33 -0.51
-11.91 -3.44 2.12
-10.66 -3.22 2.18
-8.63 -1.65 1.91
-5.77 0.51 10.83
-7.21 -6.96 7.36
-6.85 -2.53 -4.77
-6.96 -2.98 3.46
-7.21 -4.35 7.72
-5.22 -6.24 10.47
-4.05 -4.12 7.18
-5.11 -4.28 8.95
-8.09 -6.05 5.21
-9.39 -2.33 0.57
-7.21 -4.05 -0.23
-8.75 -5.61 5.61
-10.00 -3.91 8.09
-9.97 -2.02 7.76
-2.45 -1.91 14.98
-7.93 -3.25 5.51
-7.86 -4.90 5.04
-8.66 -4.26 -1.16
-10.69 -2.30 1.74
-9.29 -3.46 3.07
-7.89 -5.02 4.23
-7.73 -4.37 5.62
-6.88 -0.78 10.63
-6.77 -5.30 6.03
-7.52 -4.45 4.60
-9.95 -3.92 -1.83
-8.35 -4.96 2.01
-8.70 -2.33 3.07
-8.21 -3.15 3.05
-10.47 -3.37 3.53
-2.55 -1.53 11.90
-4.89 -4.42 8.76
-10.46 -3.12 0.48
-8.47 -2.81 1.94
-10.27 -2.57 2.47
-10.09 -2.96 3.44
-9.91 -1.71 3.08
-10.95 -1.33 3.42
-5.68 1.73 9.41
-7.06 -3.63 7.34
-7.64 -5.26 4.30
-8.48 -3.11 -3.94
-9.03 -1.68 2.37
-7.98 -3.39 2.37
-7.46 -3.33 2.52
-6.60 -1.58 2.73
-7.89 -3.57 7.02
-5.85 -2.62 15.19
-10.39 -6.60 11.70
-8.87 -4.29 0.34
-8.03 -3.97 0.95
-6.45 -2.68 1.53
-9.26 -3.85 3.82
-10.36 -2.71 1.79
-4.66 -0.84 6.73
-7.67 -2.34 7.21
-7.15 -3.60 4.00
-10.30 -2.73 1.36
-9.02 -3.30 3.85
-9.74 -2.89 3.62
-9.29 -3.89 5.32
-9.72 -3.78 6.00
-1.59 -0.39 5.81
-8.93 -7.05 2.94
-10.19 -4.27 0.35
-9.68 -7.21 -6.95
-5.67 -5.83 -0.55
-8.06 -2.68 -0.55
-9.92 -5.02 4.03
-10.41 -3.91 6.72
-8.35 -0.77 5.24
-5.54 -4.88 8.15
-7.53 -5.24 4.94
-9.96 -2.63 -1.14
-9.08 -3.16 0.67
-8.57 -4.08 0.76
-8.93 -2.92 2.00
-6.12 -2.72 5.52
-1.46 -2.29 10.10
-8.63 -3.58 -2.06
-9.00 -4.72 -3.85
-8.84 -4.92 -1.96
-8.44 -4.11 1.63
-8.17 -2.68 3.13
-8.55 -3.41 3.50
-1.23 -4.38 11.49
-5.88 -5.65 7.80
-7.70 -4.15 3.03
-10.55 -5.46 0.23
-8.91 -5.05 1.66
-8.34 -4.61 3.39
-7.46 -4.32 3.37
-7.54 -3.60 6.28
-2.94 -2.87 10.83
-5.43 -4.31 6.83
-8.96 -3.70 3.77
-10.50 -3.22 -1.76
-9.84 -3.00 1.85
-8.04 -4.48 3.21
-7.62 -2.81 7.60
-5.57 0.14 6.32
-8.41 -5.55 3.78
-8.83 -3.54 3.63
-9.03 -5.04 -6.39
-8.92 -5.63 3.59
-10.34 -4.00 5.62
-9.64 -3.58 4.90
-8.90 -3.11 5.63
-9.25 -1.97 6.63
-3.68 -1.31 12.81
-7.45 -3.83 3.70
-7.41 -5.01 1.59
-5.60 -4.29 5.61
-0.08 -8.15 3.97
-6.50 -2.21 7.69
-10.32 -2.56 8.77
-2.90 -4.74 9.24
-6.51 -6.97 5.80
-13.53 -4.89 -0.45
-17.14 1.29 4.66
-8.21 -9.19 4.49
-4.75 -8.36 4.81
-3.88 -5.53 5.64
-0.91 -5.40 9.51
-7.39 -6.02 3.62
-8.29 -6.22 1.45
-7.13 -6.23 0.19
-5.37 -9.81 2.04
-4.45 -2.94 2.49
-8.67 -3.20 4.38
-5.00 -8.55 9.85
-3.07 -5.91 7.87
-8.50 -5.48 4.03
-8.05 -4.96 -0.99
-6.66 -2.61 -0.30
-6.80 -3.27 1.40
-8.15 -2.10 4.89
-9.97 -2.62 12.25
-7.18 -4.86 5.89
-5.47 -2.35 7.36
-8.50 -4.70 4.20
-8.94 -5.02 -0.33
-8.07 -3.31 2.25
-8.57 -2.21 4.76
-11.69 -2.54 5.31
-5.66 -5.21 7.44
-5.01 -6.52 9.90
-7.09 -1.93 6.79
-6.48 -5.07 6.66
-9.26 -6.76 -2.01
-9.17 -1.24 4.30
-8.15 -5.95 3.47
-7.68 -2.16 7.05
-8.10 -3.07 9.73
-6.60 -3.51 7.54
-7.09 -5.34 3.66
-7.76 -7.20 1.02
-14.52 -7.48 4.93
-7.22 -9.68 3.35
-6.26 -3.18 3.19
-7.38 -3.36 5.07
-9.47 -4.29 4.38
-5.17 -1.68 7.80
-4.15 -3.61 8.89
-4.41 -7.06 5.59
-7.84 -10.04 -6.48
-6.09 -6.11 0.32
-11.68 -0.42 2.60
-7.88 -2.07 3.34
-4.37 -2.10 3.63
-2.36 -0.36 13.25
-7.27 -3.90 4.79
-7.68 -5.50 4.40
-9.47 -8.11 0.33
-10.11 -4.47 1.53
-9.93 -4.79 2.48
-7.99 -5.74 3.40
-6.69 -2.44 0.91
-4.86 1.21 8.87
-5.43 -3.57 6.70
-7.64 -5.63 0.44
-11.00 -2.33 -4.34
-8.60 -2.28 -2.16
-7.27 -3.11 1.44
-8.70 -2.58 0.11
-7.49 -4.80 3.56
-7.85 -6.89 10.45
-8.05 -4.17 4.17
-8.40 -5.41 3.53
-6.03 -2.55 -6.65
-9.74 -3.73 3.03
-6.65 -2.62 -0.46
-8.46 -3.34 0.87
-11.53 -3.52 8.35
-9.24 -1.86 6.16
-7.62 -2.87 9.20
-7.09 -4.11 5.53
-8.42 -2.71 -5.40
-11.50 0.06 1.51
-9.99 -3.30 1.05
-6.91 -1.73 3.25
-7.28 -3.51 2.29
-1.55 -2.02 9.39
-7.85 -5.36 4.40
-8.89 -3.03 0.06
-7.60 -2.42 -2.30
-9.19 -2.55 7.80
-10.30 -4.18 5.93
-6.62 -3.68 5.40
-5.68 -1.77 10.82
-7.99 -6.50 4.85
-9.34 -5.56 -0.37
-9.48 -2.78 -2.56
-8.63 -4.76 -0.23
-9.84 -1.98 1.65
-6.30 -1.60 0.97
-8.27 -2.81 4.94
-6.24 -5.31 4.93
-9.02 -2.74 -0.71
-10.88 -0.69 -2.11
-8.15 -3.42 -0.72
-8.19 -1.97 1.37
-6.49 -2.59 5.14
-8.44 -1.44 4.82
-8.56 -5.53 2.44
-7.04 -6.65 1.79
-9.83 -3.84 -4.48
-7.36 -2.92 0.67
-15.23 -6.25 4.31
-6.83 -2.68 -1.84
-4.94 -2.15 9.44
-6.43 -4.65 6.61
-9.06 -6.61 1.47
-19.61 -5.70 3.27
-10.70 -5.04 5.33
-8.59 -3.47 0.26
-12.79 -7.17 14.56
-4.73 -8.39 8.62
-4.76 -1.19 8.96
-7.36 -5.79 6.23
-10.34 -3.57 -1.03
-13.16 1.28 -1.19
-4.41 -7.19 1.77
-10.75 -3.55 5.98
-11.30 -3.54 8.14
-6.61 -2.33 11.48
-4.23 -5.45 8.83
-8.59 -2.74 -1.02
-7.64 -2.52 -5.47
-11.95 -3.37 0.24
-9.00 -2.95 -1.99
-7.77 -3.40 -1.85
-8.92 -3.70 5.11
-6.71 -5.57 2.89
-4.17 -6.64 6.72
-8.58 -5.12 -7.14
-9.48 -3.44 -4.12
-9.47 -3.67 -0.41
-8.33 -3.66 2.20
-8.51 -3.68 1.82
-5.51 -1.11 4.06
-4.28 -1.43 9.10
-4.51 -5.33 8.89
-6.79 -6.65 5.59
-7.96 -6.01 -2.20
-10.32 -4.04 5.65
-7.30 -8.11 6.75
-7.53 -2.54 6.66
-8.98 -3.55 7.28
-7.37 -4.81 8.07
-7.95 -3.75 7.67
-7.75 -4.39 5.05
-10.28 -2.43 -2.66
-7.12 -4.61 4.31
-9.01 -3.94 6.17
-6.98 -2.79 4.88
-6.31 0.29 5.54
-4.74 -1.48 11.53
-3.46 -4.66 9.71
-5.68 -5.84 7.45
-10.24 -1.68 0.47
-7.05 -2.19 5.42
-9.35 -3.04 6.64
-8.62 -2.53 5.75
-8.10 -4.66 4.72
-7.08 -6.18 8.52
-5.60 -4.59 7.97
-4.23 -7.45 7.98
-5.51 -7.91 4.58
-9.70 -3.43 2.22
-6.88 -3.36 3.95
-7.94 -1.61 6.42
-7.25 -5.83 -0.40
-3.55 -8.01 9.74
-4.93 -2.87 9.13
-5.67 -5.25 9.06
-7.62 -1.15 1.68
-7.81 -1.25 0.92
-6.35 -6.79 5.32
-7.28 -2.53 4.52
-6.16 -1.15 13.71
-4.89 -3.31 8.67
-6.85 -5.23 7.01
-8.32 -3.06 5.17
-10.50 -2.56 -3.11
-8.18 -1.96 7.68
-8.50 -0.25 5.87
-8.47 -3.72 5.45
-7.70 -1.76 8.67
-7.33 -2.86 5.94
-9.61 -3.50 2.93
-10.22 -5.43 3.66
-10.39 -2.16 4.43
-10.88 -2.48 6.81
-10.76 -1.81 7.37
-9.84 -4.03 6.47
-7.25 -3.69 8.67
-7.41 -5.55 5.92
-10.13 -3.04 -1.60
-10.60 -2.19 -0.71
-9.78 -1.25 2.62
-9.23 1.26 3.49
-9.55 -2.60 1.44
-4.32 0.73 9.12
-6.96 -2.84 9.27
-8.66 -5.23 2.89
-8.72 -3.75 3.50
-7.50 -2.39 4.01
-10.10 -4.05 -2.67
-3.67 -4.68 6.88
-9.55 -0.64 7.63
-8.87 -3.61 4.47
-9.18 -1.62 3.36
-8.62 -3.19 2.93
-9.00 -3.14 1.70
-1.99 -14.24 -0.93
-8.83 -2.56 3.54
-6.84 -1.44 6.51
-6.44 -3.83 7.24
-8.67 -4.02 3.55
-9.00 -3.62 2.03
-6.79 -2.54 1.52
-10.33 -0.44 7.21
-8.14 -2.04 5.54
-8.56 -0.55 1.53
-10.01 -4.89 4.81
-8.22 -3.45 4.59
-5.13 -2.61 4.80
-9.93 -3.97 -4.98
-6.16 -3.68 7.37
-4.28 -1.45 10.33
-6.67 -7.33 4.38
-8.21 -1.64 -3.65
-10.83 -2.03 -2.24
-8.83 -3.12 -2.20
-8.72 -2.82 0.93
-6.68 -1.92 0.45
-7.73 -1.97 5.57
-4.63 -3.94 6.72
-6.82 -4.54 6.00
-8.62 -4.48 1.26
-15.95 -11.81 -1.21
-9.28 -2.13 -0.85
-9.16 -4.09 6.57
-8.05 -2.54 3.76
-7.20 -0.25 7.60
-3.15 -2.96 6.74
-3.19 -4.53 10.91
-6.05 -3.76 6.24
-9.40 -2.32 2.48
-10.37 0.78 -1.53
-8.34 -6.55 2.86
-9.48 -1.73 5.09
-10.11 -2.97 5.02
-9.62 -2.17 5.14
-8.38 -3.30 4.70
-6.09 -2.15 7.27
-8.32 -2.83 7.09
-9.22 -4.52 3.32
-9.49 -1.49 -1.49
-11.55 -3.24 3.28
-9.40 -2.54 1.72
-9.47 -3.03 2.58
-6.99 -3.61 4.26
-2.21 0.48 7.48
-7.84 -4.67 5.27
-10.21 -4.61 -0.83
-9.07 -0.83 -2.77
-8.41 -1.64 8.89
-7.48 -2.55 3.24
-8.98 -4.36 4.80
-6.98 -2.60 9.41
-8.96 -4.20 3.55
-7.08 -4.36 4.31
-7.65 -4.83 2.10
-10.50 -3.74 -0.41
-14.04 -6.51 3.57
-10.00 -9.68 6.05
-12.07 -9.63 6.51
-9.67 -10.76 6.78
-9.14 -11.72 8.45
-4.33 -14.11 -3.53
-8.96 -8.57 0.15
-8.91 -11.15 3.38
-10.99 -10.97 4.40
-11.33 -9.28 3.68
-14.06 -9.71 2.87
-10.93 -8.73 8.51
-10.89 -9.79 8.76
-10.60 -9.24 6.97
-9.87 -11.89 6.51
-14.87 -5.54 3.61
-15.43 -8.63 4.82
-13.04 -7.64 4.94
-13.32 -11.40 3.66
-8.25 -10.51 1.36
-12.22 -6.60 5.91
-9.79 -8.46 8.59
-11.64 -10.73 5.11
-12.00 -8.38 -0.59
-13.34 -12.53 0.99
-13.92 -10.11 2.83
-11.93 -10.10 3.33
-9.55 -11.21 4.38
-9.49 -8.26 4.24
-10.22 -6.06 6.33
-10.47 -7.23 9.27
-13.02 -11.27 2.63
-15.93 -8.78 1.55
-12.36 -8.04 4.99
-11.83 -9.81 1.50
-11.99 -9.17 4.39
-12.93 -7.80 5.32
-9.92 -8.04 3.33
-10.42 -6.16 10.91
-11.17 -13.11 6.67
-11.37 -16.47 3.31
-10.83 -9.81 0.90
-7.26 -8.79 3.00
-9.99 -7.31 0.40
-6.40 -10.73 0.19
-8.87 -5.80 10.09
-9.76 -8.78 12.19
-12.93 -10.53 4.34
-7.33 -15.44 -2.39
-9.11 -10.01 -1.16
-11.49 -11.22 7.25
-11.07 -9.88 6.14
-12.09 -8.63 4.68
-9.40 -10.04 4.21
-9.11 -11.97 3.91
-1.70 -9.61 8.17
-9.85 -10.73 5.72
-12.99 -11.89 -0.62
-15.48 -9.95 0.48
-12.25 -8.39 5.51
-12.23 -14.48 6.77
-7.37 -12.47 10.04
-15.04 -11.46 -8.31
-7.69 -13.65 9.57
-6.04 -6.13 -7.14
-10.06 -10.11 7.85
-9.37 -9.80 6.49
-13.30 -13.25 -7.85
-9.76 -8.99 5.83
-10.58 -8.64 5.64
-9.03 -9.34 10.18
-9.89 -11.81 4.58
-12.18 -10.60 -4.61
-11.39 -8.54 3.64
-10.04 -7.88 5.72
-9.50 -8.86 10.53
-10.67 -13.16 5.28
-8.65 -4.94 -10.26
-12.05 -11.89 1.79
-11.81 -9.47 4.16
-10.07 -10.15 1.68
-10.80 -12.08 1.88
-6.81 -14.16 8.13
-9.48 -11.53 9.63
-11.65 -12.16 1.00
-10.94 -9.92 -0.64
-11.75 -10.13 2.42
-10.24 -10.53 2.09
-11.23 -10.84 3.25
-11.74 -10.40 4.65
-10.01 -9.00 8.63
-11.29 -10.64 5.43
-11.37 -15.30 3.88
-12.06 -9.97 1.66
-13.71 -11.81 1.28
-12.56 -10.31 2.08
-12.36 -10.24 3.79
-12.35 -10.25 5.10
-11.86 -10.77 6.64
-9.77 -9.94 7.81
-8.47 -13.91 6.73
-11.13 -12.36 1.82
-11.98 -12.89 3.46
-12.67 -12.32 4.48
-12.09 -10.39 3.96
-12.68 -10.70 6.35
-3.86 -10.56 -1.07
-6.59 -13.23 8.69
-10.49 -12.67 4.61
-12.65 -12.63 5.59
-12.24 -12.02 2.00
-8.51 -11.05 -0.85
-9.50 -10.09 4.96
-8.66 -9.38 4.43
-10.01 -6.90 6.07
-9.37 -8.99 9.93
-8.86 -12.58 6.77
-8.04 -15.84 2.50
-11.60 -12.03 5.22
-11.93 -10.48 7.33
-12.79 -10.03 5.88
-12.55 -9.73 7.53
-12.12 -7.05 8.22
-9.56 -11.21 7.42
-7.79 -13.53 8.10
-10.84 -13.07 1.56
-13.63 -8.92 4.03
-11.09 -7.84 -2.30
-11.17 -9.63 1.25
-6.32 -8.63 4.47
-6.68 -11.55 5.29
-8.58 -12.11 7.22
-9.06 -14.53 4.93
-13.30 -9.63 0.38
-8.60 -13.23 3.22
-10.01 -8.21 -3.15
-11.26 -13.94 4.38
-11.76 -15.08 6.80
-1.57 -15.00 7.83
-9.94 -11.82 6.21
-11.54 -12.97 2.49
-11.76 -11.57 2.47
-12.51 -11.17 1.65
-11.71 -12.06 3.65
-11.93 -10.68 3.21
-11.85 -10.93 3.35
-10.72 -8.72 5.72
-12.07 -9.40 8.33
-8.44 -12.09 7.51
-10.21 -14.64 3.38
-11.50 -8.81 3.04
-10.56 -11.92 3.62
-11.82 -10.46 2.85
-10.65 -10.19 3.63
-11.01 -9.86 4.09
-11.24 -10.98 4.48
-10.14 -10.71 4.25
-9.33 -11.19 6.63
-8.50 -13.65 8.47
-11.83 -11.96 0.94
-10.57 -12.51 3.66
-8.14 -12.98 1.02
-11.46 -14.35 4.44
-13.24 -14.31 5.91
-12.90 -15.06 6.65
-9.46 -10.42 9.54
-9.58 -12.56 5.86
-12.24 -10.70 0.12
-11.09 -11.18 4.83
-15.40 -9.12 9.33
-15.22 -9.39 6.52
-12.67 -9.90 8.49
-10.09 -8.17 6.72
-7.15 -10.65 5.66
-11.17 -9.43 9.66
-9.66 -13.48 4.53
-14.74 -9.18 -3.68
-10.54 -12.40 2.74
-13.70 -10.46 7.11
-12.32 -8.54 4.74
-11.34 -11.44 2.52
-10.51 -11.96 4.51
-10.50 -7.74 6.95
-8.03 -10.35 9.81
-10.30 -13.15 3.99
-12.21 -11.58 -1.04
-9.90 -12.61 3.85
-9.44 -13.82 2.27
-10.63 -12.30 2.16
-11.08 -10.69 3.12
-8.42 -6.76 7.28
-8.48 -10.69 9.12
-7.10 -13.59 7.50
-12.15 -11.33 -9.41
-12.11 -11.62 4.01
-11.41 -10.84 1.47
-11.82 -11.42 3.58
-11.70 -9.78 4.49
-12.06 -8.79 2.75
-12.73 -7.43 6.27
-9.74 -10.85 9.14
-9.56 -12.68 5.71
-8.26 -12.67 -3.01
-10.53 -12.42 3.14
-10.13 -11.88 2.66
-10.22 -12.10 3.03
-10.02 -11.31 4.13
-10.09 -11.75 4.95
-10.60 -9.46 5.41
-8.06 -12.91 9.55
-8.49 -10.85 7.43
-12.40 -14.01 -0.03
-9.44 -12.64 3.43
-11.96 -9.32 7.81
-9.66 -9.56 8.16
-12.64 -8.63 7.18
-13.95 -8.23 5.37
-13.16 -6.55 7.50
-10.02 -10.51 7.71
-9.48 -13.74 5.96
-14.27 -11.16 2.04
-11.64 -12.59 2.55
-11.95 -12.39 1.00
-10.83 -12.25 1.46
-10.25 -9.29 4.73
-10.86 -9.08 5.26
-9.19 -8.57 4.90
-6.37 -11.01 8.85
-13.10 -15.06 -9.69
-11.31 -11.73 2.96
-7.83 -9.31 4.38
-10.02 -10.29 3.30
-10.50 -9.36 4.99
-11.17 -9.07 7.51
-7.17 -11.20 9.77
-7.08 -13.57 8.68
-10.77 -13.07 3.04
-12.71 -10.01 0.68
-11.76 -13.58 7.31
-11.05 -10.60 1.46
-11.01 -12.26 4.70
-11.52 -14.24 6.01
-6.68 -9.10 10.35
-8.86 -13.06 7.51
-11.55 -12.67 0.57
-11.06 -11.39 3.87
-11.49 -11.66 1.50
-11.50 -10.47 3.87
-11.37 -11.77 3.13
-8.37 -4.77 0.96
-9.10 -12.11 7.80
-8.61 -13.98 5.48
-12.73 -12.48 1.15
-12.78 -11.29 0.97
-12.37 -11.10 4.21
-11.72 -11.74 4.23
-11.24 -10.76 5.12
-8.52 -9.37 4.37
-6.62 -10.72 5.98
-9.48 -12.06 5.51
-13.19 -14.83 -1.03
-11.65 -11.38 1.59
-13.04 -11.73 2.41
-12.52 -11.90 4.04
-12.01 -10.95 3.99
-10.28 -9.87 3.65
-9.36 -9.82 3.30
-8.63 -10.46 3.87
-12.09 -10.19 8.93
-10.55 -12.32 4.36
-11.17 -12.22 0.97
-11.38 -11.17 3.42
-12.89 -11.10 2.15
-12.71 -11.16 2.99
-13.03 -11.00 3.82
-12.94 -10.83 4.09
-12.65 -11.08 4.30
-11.47 -10.89 3.08
-9.75 -11.45 5.39
-11.38 -10.15 6.92
-10.55 -12.82 3.11
-10.35 -11.61 -1.72
-10.40 -12.53 3.95
-10.31 -12.07 1.92
-10.24 -11.19 1.62
-12.21 -9.53 4.96
-11.40 -12.26 6.40
-11.27 -10.28 3.80
-10.14 -11.04 3.11
-9.26 -10.98 3.45
-9.94 -13.67 6.55
-11.14 -11.78 2.99
-11.67 -12.61 -2.32
-10.33 -11.77 2.39
-12.10 -11.10 1.60
-12.35 -11.44 3.00
-11.62 -12.50 5.89
-11.27 -11.57 6.33
-13.23 -11.03 5.61
-12.53 -11.85 2.96
-11.03 -11.15 2.86
-9.78 -8.64 9.46
-10.00 -13.14 3.80
-11.64 -10.14 -1.03
-10.10 -11.54 3.87
-13.20 -11.59 5.42
-12.88 -10.52 4.08
-12.36 -10.49 3.98
-13.00 -11.05 4.08
-13.76 -10.44 5.02
-13.09 -11.05 4.57
-14.46 -9.80 3.90
-10.39 -10.02 7.30
-9.73 -12.51 4.87
-12.59 -11.68 -1.43
-11.10 -10.82 -3.21
-12.39 -11.93 3.05
-12.17 -12.54 4.18
-10.79 -12.29 4.03
-9.62 -11.29 2.25
-10.78 -11.50 5.84
-9.31 -12.26 4.48
-9.13 -12.43 10.17
-12.09 -10.51 4.76
-11.38 -9.92 -0.18
-10.76 -11.83 3.90
-10.60 -9.44 0.12
-10.18 -10.16 2.54
-12.09 -9.56 4.26
-10.32 -8.97 5.80
-7.98 -13.00 3.14
-13.08 -15.31 6.07
-7.85 -13.74 7.60
-11.12 -12.99 2.31
-11.81 -10.59 0.82
-11.22 -12.19 4.63
-11.76 -10.96 3.12
-12.54 -10.68 3.90
-11.66 -11.72 6.77
-12.76 -10.22 5.56
-12.67 -11.43 4.81
-11.67 -10.92 6.68
-9.22 -10.76 7.02
-13.06 -9.99 0.34
-13.64 -10.87 5.55
-13.05 -11.89 5.82
-12.72 -11.03 4.04
-11.49 -11.44 3.54
-11.16 -11.86 3.24
-8.45 -11.97 7.11
-15.19 -12.96 2.66
-10.18 -13.08 -0.45
-9.51 -12.52 0.87
-9.92 -8.63 3.07
-11.79 -12.01 4.90
-12.76 -11.05 3.60
-11.56 -11.10 2.94
-10.32 -10.31 3.37
-9.44 -11.58 6.24
-9.82 -11.97 5.55
-10.63 -12.09 -4.36
-10.99 -12.77 -2.12
-12.51 -13.68 2.59
-9.00 -12.21 2.16
-10.82 -9.72 4.53
-11.66 -12.36 5.68
-11.24 -13.12 3.16
-10.05 -11.41 3.45
-11.73 -10.00 4.14
-10.03 -11.82 7.66
-9.80 -10.97 4.57
-10.87 -9.94 -2.06
-12.25 -11.81 0.99
-11.05 -12.88 2.96
-9.91 -11.04 1.81
-11.39 -8.83 2.19
-11.74 -10.70 4.79
-12.81 -9.62 3.22
-11.83 -11.07 2.03
-11.15 -9.56 8.97
-11.25 -11.70 2.85
-12.46 -13.36 1.66
-11.78 -10.87 1.57
-10.53 -11.17 1.48
-10.85 -9.92 2.31
-11.44 -9.19 4.15
-11.51 -9.82 5.00
-11.90 -9.16 4.60
-10.06 -9.66 7.61
-8.20 -13.44 7.56
-13.06 -10.93 -2.17
-12.62 -8.57 2.34
-9.63 -9.73 1.69
-12.43 -13.13 2.34
-10.16 -11.76 6.32
-11.39 -11.63 1.13
-5.30 -5.32 3.97
-6.71 -3.28 5.55
-8.78 -4.65 1.26
-7.81 -0.41 0.65
-10.13 -1.41 2.44
-11.05 -1.54 4.04
-7.44 -1.23 3.50
-6.92 0.04 8.51
-5.73 -2.87 6.59
-9.20 -4.30 3.76
-9.94 -2.49 -1.08
-9.21 -3.85 -2.10
-10.67 -2.29 1.45
-9.12 -0.53 1.63
-10.87 -0.81 0.69
-3.90 -2.61 1.03
-8.34 -2.11 7.48
-7.58 -5.88 8.41
-5.55 -4.09 -6.06
-7.42 -3.57 -0.20
-8.20 -1.00 -0.83
-9.97 -1.71 2.96
-10.23 -1.08 3.42
-9.28 -0.43 0.40
-6.48 1.42 4.07
-8.52 -1.89 4.04
-6.54 -0.69 -10.52
-10.47 -2.91 -0.82
-9.37 -2.52 1.29
-8.84 -2.18 0.31
-7.97 -0.94 1.13
-10.51 -0.70 1.42
-10.62 -1.18 3.29
-9.15 -2.21 6.89
-8.75 -2.87 1.40
-8.75 -2.61 -2.26
-9.01 -1.03 -1.81
-9.02 -1.53 0.23
-10.79 -0.85 2.28
-9.36 0.25 -0.25
-11.30 -1.05 2.33
-6.83 -0.28 0.61
-10.38 2.23 0.66
-8.61 -1.39 6.60
-8.57 -3.85 3.01
-9.54 -1.18 -4.45
-9.67 -1.80 0.55
-10.58 -0.74 -1.64
-10.42 -0.83 -0.08
-10.80 -1.55 0.09
-10.44 -1.19 3.14
-10.14 -1.60 3.41
-8.91 -1.89 5.83
-10.21 -2.33 2.68
-5.77 -0.65 -0.85
-8.85 -2.88 2.59
-10.08 -1.09 0.90
-9.50 -2.61 2.66
-9.91 -2.97 2.31
-10.05 -2.39 1.23
-9.96 -2.10 2.72
-7.75 -2.42 5.91
-10.41 -0.70 4.08
-9.20 -4.00 3.30
-8.39 -2.21 -1.89
-6.51 -4.50 -4.19
-6.82 -1.19 0.13
-8.97 -1.46 -0.76
-8.01 -1.20 0.74
-8.01 -0.70 1.53
-9.50 3.66 4.44
-7.63 -3.72 6.11
-8.83 -2.59 -3.06
-6.89 -2.56 -1.32
-7.17 -2.39 -0.83
-9.37 -1.92 1.06
-9.44 -2.39 0.91
-10.61 -1.40 -0.22
-8.46 0.63 4.66
-7.54 -1.81 8.50
-8.61 -5.37 1.02
-9.24 -3.52 -0.88
-10.87 -2.68 0.28
-11.35 -1.83 3.16
-9.06 -3.28 1.34
-11.05 -2.01 2.86
-10.69 1.17 1.80
-3.82 -0.85 2.63
-9.33 -2.16 5.09
-8.67 -1.62 4.34
-8.72 -2.27 3.21
-9.28 -3.21 -0.44
-9.91 -2.71 1.72
-10.33 -1.90 1.14
-9.36 -2.25 3.24
-9.88 -1.36 4.28
-10.65 -0.87 2.87
-10.29 -1.15 2.31
-8.20 -0.69 4.99
-7.96 -1.40 7.91
-8.89 -4.57 2.95
-9.57 -2.39 1.57
-9.95 -2.31 2.79
-9.35 -2.09 4.11
-10.39 -1.70 2.40
-11.04 -0.36 2.15
-10.24 -1.21 4.35
-9.60 -0.54 4.93
-7.32 -0.73 7.52
-7.12 -1.93 6.21
-10.07 -2.75 -0.08
-9.59 -3.17 1.38
-10.01 -3.51 2.33
-9.49 -1.30 0.08
-8.61 -1.71 1.76
-10.17 -1.66 1.07
-9.33 -1.53 2.41
-9.10 -0.85 3.18
-5.95 -0.02 6.22
-7.93 -1.80 6.56
-9.24 -2.81 2.73
-9.57 -2.50 0.83
-9.19 -3.28 1.61
-9.33 -3.56 1.49
-7.25 -1.31 -2.88
-9.54 -3.35 0.64
-8.61 -2.60 -0.07
-6.73 -1.66 0.82
-7.84 0.27 2.21
-8.20 0.17 4.07
-9.07 -2.70 4.32
-9.51 -2.02 -2.27
-9.42 -2.86 0.39
-10.52 -1.60 -0.07
-10.53 -2.11 0.30
-11.17 -1.23 1.20
-9.72 -0.48 1.98
-10.91 -0.19 2.05
-8.82 -0.74 4.15
-8.14 -2.00 4.61
-9.55 -2.70 0.67
-9.19 -2.72 -0.49
-10.55 -3.18 2.24
-8.63 -1.94 -0.56
-9.10 -2.59 0.71
-10.27 -1.07 1.38
-9.10 -0.46 2.83
-9.73 2.10 3.72
-9.48 -0.28 4.59
-9.92 -0.16 5.60
-9.06 -2.75 1.99
-9.26 -3.00 -0.98
-10.20 -2.97 0.97
-9.98 -2.17 0.35
-10.36 -1.43 1.52
-11.21 -1.37 2.38
-10.58 -0.78 2.13
-9.85 -0.62 5.13
-8.78 -2.25 5.03
-9.18 -2.47 -1.84
-9.88 -2.61 -1.12
-10.29 -1.60 -0.09
-11.42 -1.24 1.03
-10.80 -1.16 1.52
-10.27 -0.62 3.55
-10.61 -0.87 4.15
-8.45 -0.80 6.82
-9.00 -3.48 2.94
-9.50 -4.16 -3.02
-8.28 -3.94 0.96
-10.04 -0.73 1.30
-8.37 -1.68 2.06
-7.61 -2.39 1.89
-6.91 -0.82 1.23
-8.37 -0.92 6.29
-8.99 -2.18 3.34
-8.84 -4.08 1.65
-10.29 -2.40 0.60
-9.96 -2.67 0.82
-10.23 -2.34 0.43
-10.56 -1.56 1.76
-10.93 -1.49 1.21
-10.19 -0.85 2.28
-10.48 -0.64 1.98
-10.15 -0.88 2.14
-8.79 -1.07 4.81
-8.68 -2.96 4.21
-10.33 -2.97 1.49
-10.27 -1.15 0.73
-9.00 -2.40 2.54
-11.23 -0.86 2.93
-10.78 -0.92 4.30
-10.73 -0.45 6.65
-9.64 0.04 5.91
-9.76 -0.63 2.59
-5.51 -5.86 10.40
-5.73 -6.24 7.54
-8.73 -5.40 2.90
-9.30 -2.38 -1.44
-8.38 -2.25 -0.02
-7.06 -1.59 0.47
-8.68 -3.65 1.53
-9.23 -2.84 1.73
-7.36 -2.62 1.66
-7.27 -1.32 0.60
-7.23 -2.23 6.72
-8.45 -5.63 2.55
-7.77 -1.44 -3.07
-5.38 -1.22 -3.84
-11.34 -3.86 0.60
-10.59 -4.39 1.53
-8.15 -3.76 2.13
-8.27 -3.13 2.67
-10.94 -3.23 3.56
-10.01 -1.37 4.06
-8.06 -2.91 1.74
-8.43 -2.94 5.19
-8.71 -5.02 3.08
-7.87 -5.24 3.29
-7.78 -4.60 4.72
-11.50 -2.99 -0.56
-10.33 -1.14 -0.17
-9.25 -1.16 1.03
-9.15 -1.05 0.77
-9.39 -1.63 1.12
-10.55 -1.67 4.26
-8.53 -2.66 3.50
-9.15 -2.10 -0.45
-8.65 -0.29 -4.11
-10.14 -1.96 -0.37
-9.88 -1.42 0.19
-10.56 -1.32 0.14
-9.97 -0.73 0.69
-9.90 -0.63 3.70
-8.70 -2.60 4.83
-8.92 -2.17 0.19
-8.25 -0.45 -4.33
-7.88 -0.60 -1.10
-8.27 -1.01 -1.04
-8.33 -0.14 0.16
-8.92 -0.41 0.90
-9.76 -0.62 1.59
-10.06 0.30 6.12
-8.64 -2.05 1.39
-9.34 -2.28 -1.02
-9.80 -2.43 -0.34
-8.25 -0.32 -1.49
-10.43 -0.68 0.50
-11.13 -0.05 0.68
-10.33 -1.43 1.24
-10.20 -1.61 2.15
-9.44 -1.56 6.26
-7.60 -4.13 4.26
-8.94 -4.19 -0.21
-10.83 -2.90 1.16
-10.00 -2.46 2.16
-9.79 -2.07 1.51
-9.56 -2.68 0.07
-8.19 -2.86 1.41
-8.06 -0.87 1.81
-7.94 -2.82 1.01
-7.89 -4.07 5.02
-8.02 -6.15 3.41
-9.03 -3.03 4.04
-8.90 -4.70 0.43
-7.71 -3.23 1.57
-8.78 -2.64 0.53
-8.13 -2.98 1.88
-7.58 -2.19 1.61
-7.07 -1.95 3.03
-9.23 -0.49 9.03
-8.76 -1.21 4.76
-9.30 -3.20 1.57
-10.28 -2.83 0.69
-10.72 -2.93 3.11
-11.40 -3.29 3.01
-11.44 -2.76 3.75
-9.67 -3.24 5.74
-9.86 -2.32 5.01
-9.39 -2.98 4.00
-10.23 -2.23 5.75
-7.87 -3.79 3.11
-10.84 -2.92 -1.78
-7.74 -4.68 0.42
-7.18 -3.43 1.47
-7.32 -2.98 0.99
-7.70 -3.52 2.20
-9.15 -2.88 3.86
-9.45 -1.45 4.47
-8.82 -1.86 3.51
-8.59 -2.55 6.02
-7.45 -4.19 4.66
-8.93 -4.45 1.64
-9.00 -2.70 -0.46
-10.51 -2.00 1.68
-10.44 -2.79 1.91
-10.16 -2.58 2.34
-10.13 -2.60 2.08
-10.20 -3.71 6.96
-8.74 -1.56 8.74
-7.15 -3.66 6.81
-9.57 -3.98 1.44
-8.36 -1.19 -1.53
-8.46 -3.90 0.68
-7.89 -2.32 0.54
-8.61 -4.14 2.24
-4.31 -1.51 -3.50
-10.41 -3.72 2.34
-9.78 -3.65 1.98
-9.08 -3.21 5.80
-7.91 -4.59 2.84
-9.92 -2.03 -2.69
-9.34 -2.67 -2.27
-8.34 -3.46 0.67
-10.76 -4.77 0.27
-6.95 -4.27 0.88
-10.82 -3.37 5.35
-10.10 -2.72 4.58
-9.41 -3.04 2.62
-9.20 -3.28 5.43
-7.47 -4.52 3.56
-12.43 -1.55 1.90
-8.04 -3.45 2.63
-10.13 -4.33 0.79
-9.47 -5.80 1.16
-9.03 -5.24 -0.02
-10.52 -2.49 1.58
-10.38 -4.25 3.34
-10.99 -3.76 1.66
-8.57 -3.19 6.70
-7.96 -4.94 4.17
-9.97 -3.71 1.28
-9.46 -1.75 -0.71
-8.49 -2.15 0.62
-8.24 -3.25 2.88
-8.75 0.06 1.87
-8.35 -0.32 2.31
-9.95 -0.33 2.55
-6.86 -0.15 7.00
-9.50 -0.60 1.43
-9.12 -4.01 0.46
-10.45 -2.23 1.40
-10.32 -2.80 2.21
-12.12 -1.10 1.87
-13.28 -0.66 2.59
-10.19 -1.52 4.98
-10.47 -0.57 1.18
-10.74 -1.68 -0.30
-9.93 -2.07 5.80
-7.50 -2.54 4.49
-9.12 -5.15 0.04
-11.26 -0.21 2.27
-10.25 -0.32 2.50
-10.23 -1.15 2.32
-9.74 -2.78 2.94
-8.20 -0.32 3.06
-6.34 -2.76 2.70
-7.22 -4.35 4.86
-9.01 -5.41 3.57
-8.58 -4.24 4.11
-7.71 -3.64 -0.94
-7.60 -2.78 0.71
-8.03 -3.11 2.71
-8.20 -3.07 1.60
-6.23 -1.04 2.48
-8.57 -3.19 3.08
-9.91 -0.76 3.76
-8.15 -3.23 5.14
-8.37 -3.85 2.81
-7.66 -5.02 -5.47
-7.93 -3.89 -0.33
-8.12 -2.94 -0.04
-10.92 -1.25 5.29
-9.37 -0.92 3.47
-9.93 -1.91 3.60
-9.68 -1.54 3.28
-8.80 -3.13 5.98
-7.14 -5.01 5.77
-8.44 -3.68 0.30
-9.65 -3.11 -2.00
-9.40 -0.73 1.98
-8.50 -2.38 1.80
-8.78 -2.97 1.86
-10.21 -2.65 3.45
-4.26 -1.53 1.79
-8.63 -1.69 7.05
-6.69 -5.09 5.07
-8.50 -4.08 -0.74
-8.59 -4.39 -2.43
-7.55 -3.67 -0.67
-10.02 -3.57 2.32
-9.50 -2.14 2.91
-9.27 -1.34 2.07
-10.04 -1.74 2.34
-9.71 -2.73 4.35
-11.26 -1.69 5.76
-9.23 -2.81 5.30
-8.75 -4.72 3.11
-7.18 -3.40 4.81
-9.42 -5.86 -2.23
-6.76 -4.53 -0.89
-9.27 -4.70 2.08
-9.74 -0.31 2.26
-9.15 -1.48 2.70
-6.04 -2.39 0.31
-8.72 -1.64 3.29
-6.73 -3.16 3.06
-5.10 -1.82 5.38
-7.07 -5.26 7.87
-8.25 -6.12 2.44
-9.27 -1.73 -0.67
-8.18 -1.72 1.40
-5.10 -1.17 -3.28
-8.61 -3.47 3.09
-8.88 -3.73 3.96
-8.94 -5.39 2.81
-6.89 -4.12 5.18
-7.21 -5.35 4.93
-7.26 -2.51 8.69
-6.33 -5.19 5.68
-8.25 -7.39 1.14
-9.87 -1.81 -0.51
-9.84 -3.44 -1.53
-7.76 -4.58 -0.57
-7.72 -4.94 0.92
-5.39 -0.83 -0.20
-7.90 -3.30 3.79
-3.67 -4.59 4.84
-6.34 -3.95 8.72
-7.17 -7.11 4.82
-8.07 -3.77 -1.98
-7.91 -4.56 0.82
-7.50 -4.49 1.38
-9.37 -3.28 3.92
-8.12 -3.65 3.92
-8.61 -2.63 4.05
-8.90 -2.30 9.49
-8.15 -5.67 2.62
-5.35 -4.47 -4.98
-5.82 -3.10 0.16
-7.32 -4.35 1.26
-6.32 -1.36 0.77
-7.05 -3.75 0.68
-7.25 -0.85 2.18
-8.40 -0.44 2.25
-6.47 -1.92 2.97
-6.10 -4.36 7.64
-8.55 -4.97 1.69
-7.96 -1.44 -6.16
-7.93 -5.75 1.82
-10.19 -4.50 4.64
-6.89 -2.55 2.67
-10.19 -4.34 1.96
-10.95 -3.60 4.04
-9.96 -2.94 5.26
-10.93 -3.09 4.98
-8.61 -2.72 6.23
-6.65 -5.71 4.33
-4.84 -4.69 -2.86
-6.72 -3.15 1.35
-10.37 -1.71 2.27
-7.07 -4.31 1.45
-9.50 -3.23 1.92
-8.67 -3.41 2.95
-10.57 0.24 2.97
-11.10 -0.64 1.67
-9.43 -0.56 6.41
-8.10 -4.13 5.38
-9.86 -3.09 0.27
-7.81 -1.86 0.74
-9.02 -2.71 0.15
-9.05 -0.34 1.61
-10.48 0.55 2.76
-9.71 -0.16 2.39
-11.90 0.29 5.46
-8.75 -1.62 4.46
-10.32 -2.49 1.43
-10.62 -2.75 -0.70
-10.57 -0.14 0.09
-10.90 -0.39 2.00
-12.38 0.58 1.86
-9.26 -2.11 2.70
-7.68 -1.65 8.26
-9.34 -3.62 1.63
-9.81 -3.66 -0.01
-10.85 -1.92 -0.76
-10.00 0.22 -0.08
-11.57 -0.06 3.68
-6.82 -2.07 3.07
-5.65 -4.36 6.74
-8.58 -1.97 3.50
-9.20 -3.96 2.52
-9.25 -3.12 0.99
-8.94 -2.56 -0.11
-7.33 -2.10 0.90
-6.60 -1.69 0.53
-7.61 -1.57 1.59
-6.92 -0.98 0.84
-7.94 -0.71 4.58
-8.15 -2.32 6.16
-8.73 -3.25 2.36
-8.69 -5.44 3.44
-10.82 -1.10 0.82
-9.56 -2.68 0.67
-10.06 -3.01 0.27
-9.49 -1.98 1.51
-9.15 -1.49 1.81
-9.46 -1.66 3.29
-8.75 -0.92 2.48
-8.20 -3.72 5.83
-9.42 -3.65 2.50
-5.82 -4.58 -1.40
-8.33 -2.73 3.62
-10.87 -4.11 1.71
-11.97 -4.96 1.28
-10.91 -4.60 2.06
-7.24 -3.72 2.49
-10.02 -1.86 4.67
-11.45 -3.16 2.27
-9.56 -2.68 5.19
-8.39 -2.32 4.29
-11.50 -0.36 1.87
-10.33 -2.92 1.69
-8.24 -0.92 3.24
-9.33 -0.01 2.46
-7.17 -1.23 5.60
-7.24 -2.26 6.44
-10.75 -2.01 -3.19
-8.85 -5.98 0.37
-9.32 -4.52 2.04
-11.84 -0.91 5.82
-9.07 -2.19 2.49
-8.38 0.81 3.16
-4.93 -1.28 2.27
-6.96 0.21 3.99
-6.69 -1.42 6.48
-9.90 -2.91 4.12
-4.40 -3.93 -4.47
-8.70 -4.53 0.78
-8.88 -2.19 1.58
-8.26 -1.96 3.31
-9.53 0.97 6.51
-11.67 -1.61 2.28
-9.03 0.40 0.71
-11.44 0.70 6.89
-9.28 -3.09 4.25
-9.09 -3.11 0.66
-8.07 -1.76 1.24
-5.86 1.35 2.22
-8.68 -2.79 3.58
-9.76 2.11 6.57
-10.53 0.11 3.60
-11.43 -3.35 1.87
-8.26 -1.22 3.84
-7.15 -3.05 7.49
-9.87 -4.88 4.63
-9.43 -2.50 1.53
-7.66 -3.35 -0.53
-9.09 -2.00 -1.57
-7.20 -2.98 2.12
-11.53 -1.69 4.41
-10.77 -3.71 2.83
-9.08 -0.46 3.52
-7.73 -1.89 3.31
-7.23 -4.57 4.51
-6.79 -4.56 6.07
-9.29 -5.00 -0.65
-7.78 -3.44 1.27
-9.62 -3.60 3.52
-9.47 -4.53 2.77
-9.36 -2.74 2.46
-10.80 -3.80 2.29
-9.15 -2.87 0.87
-7.93 -2.85 1.18
-10.51 -0.65 7.78
-6.39 -4.68 6.55
-12.63 -10.07 9.62
-10.10 -3.78 1.07
-6.58 -4.62 1.59
-9.21 -3.09 1.90
-10.36 -2.01 3.37
-11.28 -0.45 1.43
-10.37 -2.07 1.45
-9.19 -2.41 0.97
-8.88 -3.55 7.39
-6.84 -6.18 5.33
-14.21 -7.52 1.74
-9.96 -4.29 1.39
-11.64 -2.12 3.13
-9.71 -2.91 3.04
-9.57 -2.57 0.95
-9.41 -2.43 3.41
-10.97 -1.03 3.31
-9.28 -1.82 2.56
-4.56 -2.22 0.24
-8.43 -3.00 6.53
-6.88 -5.47 5.52
-11.26 -8.89 1.42
-6.73 -6.02 0.90
-5.76 -3.40 -0.24
-9.06 -3.73 1.78
-10.22 -3.18 6.50
-7.63 -4.91 2.76
-7.06 -2.46 3.63
-8.11 -2.70 7.13
-8.95 -4.05 3.74
-8.13 -5.92 3.85
-10.09 -4.09 2.28
-10.83 -4.43 2.01
-9.71 -3.76 3.69
-9.76 -1.43 2.48
-6.70 -2.65 1.44
-5.29 -3.02 -1.17
-8.86 -2.57 4.42
-8.15 -3.61 6.04
-7.56 -4.69 4.26
-11.77 -5.07 2.87
-6.24 -7.53 -1.13
-6.85 -3.85 1.30
-9.84 -2.35 1.99
-9.79 -3.78 2.03
-10.27 -4.10 5.30
-8.66 -2.07 2.54
-7.64 -3.29 3.49
-6.36 -3.46 5.48
-7.80 -3.08 3.67
-9.03 -3.76 2.58
-8.73 -3.82 2.06
-9.91 -4.79 3.11
-8.97 -2.39 1.59
-8.27 -4.28 1.04
-8.07 -2.53 1.76
-8.02 -2.76 2.64
-9.89 -2.40 3.15
-9.71 -3.44 3.22
-8.19 -2.32 5.25
-8.61 -3.37 3.32
-9.25 -3.43 1.95
-8.72 -4.67 2.62
-10.01 -4.09 3.71
-8.44 -1.81 0.83
-10.15 -5.45 0.91
-7.76 -4.07 4.72
-3.68 -4.35 -1.83
-7.88 -2.81 2.43
-7.92 -2.75 3.47
-8.70 -2.95 4.24
-8.64 -4.06 5.66
-7.96 -4.49 2.36
-8.74 -6.38 2.98
-9.18 -4.75 -0.12
-9.96 -3.85 1.17
-9.95 -4.14 4.17
-10.59 -3.06 3.22
-8.55 -2.82 2.31
-9.80 -3.07 2.31
-8.14 -1.34 2.83
-8.24 -2.63 3.94
-8.37 -2.48 7.09
-7.78 -4.69 4.50
-8.62 -4.76 0.45
-8.76 -4.18 1.34
-8.68 -2.63 1.19
-8.45 -4.47 1.18
-8.26 -4.04 1.73
-6.35 -4.13 -0.68
-7.66 -2.67 2.01
-8.04 -3.20 3.11
-7.98 -4.04 2.64
-6.92 -1.48 4.42
-9.09 -2.99 4.85
-8.43 -4.37 2.32
-8.37 -4.54 2.01
-8.56 -4.99 2.61
-9.76 -5.27 2.33
-8.92 -1.31 2.01
-8.78 -4.24 1.41
-8.26 -3.53 2.82
-6.64 -5.15 0.29
-4.02 -3.46 -0.47
-7.34 -3.22 5.18
-8.78 -3.04 6.04
-8.55 -6.18 3.62
-6.17 -4.47 5.82
-6.53 -4.60 6.28
-6.74 -3.06 5.97
-5.36 -3.41 7.42
-6.12 -4.52 7.49
-7.41 -4.31 5.52
-7.81 -2.73 6.29
-8.91 -1.90 8.07
-6.39 -3.97 8.64
-7.88 -4.27 2.04
-9.04 -5.42 1.66
-9.64 -4.36 3.66
-7.02 -2.85 1.77
-6.85 -2.07 -0.45
-7.24 -4.81 2.51
-8.15 -2.21 1.58
-7.32 -2.10 2.43
-8.36 -2.43 1.42
-10.36 -3.59 1.25
-5.37 -5.26 8.14
-8.05 -6.34 2.92
-8.38 -4.74 3.38
-10.02 -1.70 1.19
-10.59 -4.11 2.53
-10.96 -4.07 4.14
-10.09 -5.13 4.52
-8.77 -3.91 3.01
-9.42 -4.07 6.16
-9.53 -2.83 2.82
-7.98 -4.41 6.95
-7.56 -6.52 3.90
-7.84 -4.32 1.10
-8.67 -4.26 1.14
-7.94 -4.95 0.29
-9.40 -3.98 1.72
-9.45 -2.93 1.73
-9.16 -4.04 2.94
-8.74 -2.75 0.79
-10.35 -4.01 2.44
-10.79 -3.71 1.44
-8.40 -4.55 5.35
-4.39 -9.62 4.56
-9.37 -3.27 -1.26
-6.06 -4.72 0.81
-8.39 -6.82 4.77
-7.05 -5.04 1.42
-6.62 -4.30 3.33
-7.91 -5.57 3.76
-8.18 -5.12 2.58
-4.90 -5.13 -2.72
-12.80 -7.79 8.98
-7.67 -4.34 7.55
-6.40 -6.18 4.16
-9.03 -2.89 -2.69
-8.76 -2.81 1.76
-7.75 -3.73 -0.32
-9.56 -1.88 3.43
-8.88 -3.12 2.87
-8.78 -2.85 1.78
-7.56 -2.65 4.06
-9.08 -2.39 2.81
-8.72 -4.35 6.13
-7.44 -5.06 4.18
-7.76 -4.51 2.54
-10.18 -5.07 0.17
-10.24 -2.38 1.82
-10.59 -3.61 1.82
-10.56 -4.24 3.02
-8.83 -3.85 2.36
-9.56 -2.52 1.77
-8.99 -4.45 2.33
-8.66 -4.27 1.76
-7.20 -3.65 5.80
-7.93 -5.15 4.20
-6.87 -1.87 -5.54
-8.13 -3.51 1.16
-7.19 -2.36 0.52
-7.47 -2.15 0.25
-7.81 -1.64 -0.07
-9.22 -2.43 2.20
-6.12 -4.17 3.30
-8.96 -4.05 2.63
-9.83 -2.31 4.53
-8.34 -3.91 4.25
-8.35 -5.22 2.05
-10.87 -2.43 -0.79
-7.98 -3.92 0.80
-6.67 -4.20 1.34
-9.41 -4.66 1.88
-4.96 -1.90 -3.13
-5.44 -4.93 4.67
-8.56 -5.34 4.09
-7.03 -5.96 5.25
-7.70 -6.23 4.84
-6.47 -4.25 -2.77
-6.85 -4.13 1.51
-7.00 -4.78 4.06
-9.42 -3.49 6.33
-10.47 -2.52 4.07
-9.01 -3.68 3.36
-8.69 -2.10 8.28
-7.82 -4.87 2.59
-6.04 -6.70 -2.60
-8.52 -4.12 7.20
-4.75 -4.72 1.95
-8.30 -5.38 3.55
-8.60 -4.23 2.57
-8.01 -3.50 3.99
-8.09 -2.61 3.47
-7.41 -3.36 5.56
-6.72 -5.95 2.97
-8.32 -3.84 -3.41
-7.25 -5.08 -0.36
-7.14 -5.33 2.79
-7.68 -2.34 1.81
-7.42 -2.79 2.16
-8.17 -3.82 4.43
-9.17 -2.00 4.26
-8.84 0.35 3.11
-6.49 -5.19 6.55
-6.39 -5.60 4.95
-8.63 -4.71 -1.40
-6.82 -4.14 2.46
-8.10 -4.84 7.18
-4.20 -2.45 -1.83
-5.21 -4.56 2.75
-8.11 -6.06 3.08
-7.73 -5.72 3.45
-7.56 -1.87 3.87
-6.54 -5.08 6.41
-8.72 -4.91 2.80
-11.28 -3.13 3.66
-9.58 -4.90 4.40
-9.97 -5.13 4.99
-9.92 -1.89 4.16
-8.79 -2.11 3.67
-6.38 -4.23 1.42
-9.68 -4.12 3.22
-6.46 -5.83 4.39
-4.14 -1.23 3.39
-5.71 -6.07 6.53
-7.53 -8.40 0.55
-8.99 -5.46 0.35
-8.08 -6.00 2.53
-8.16 -5.68 2.38
-8.04 -5.23 2.19
-8.95 -5.31 3.99
-7.81 -5.76 4.15
-9.32 -5.85 4.10
-9.55 -5.40 1.70
-6.70 -4.44 5.58
-7.50 -5.11 3.60
-10.16 -1.11 -4.88
-6.83 -4.08 2.28
-7.24 -3.12 1.85
-8.74 -3.85 2.63
-7.21 -4.55 4.00
-7.68 -3.29 3.67
-8.92 -3.07 3.10
-8.85 -6.03 7.25
-8.04 -2.52 4.17
-8.41 -3.00 5.71
-9.28 -2.60 4.12
-8.80 -4.04 3.01
-9.51 -4.97 0.67
-6.81 -6.06 3.15
-9.35 -3.17 5.16
-9.69 -4.37 4.60
-6.99 -6.17 4.19
-6.48 -3.96 4.27
-7.80 -4.59 4.31
-7.60 -5.67 3.23
-5.11 -4.09 7.56
-7.29 -5.69 3.72
-6.61 -5.09 -3.08
-6.89 -3.54 2.61
-0.11 -3.44 -5.17
-8.31 -8.30 1.75
-8.79 -7.57 3.73
-8.22 -3.80 5.39
-9.02 -3.46 4.93
-8.26 -4.57 5.13
-7.64 -3.54 3.90
-6.31 -4.15 4.22
-7.53 -5.14 5.71
-7.43 -5.81 3.94
-7.40 -4.79 -0.18
-7.58 -4.62 -0.05
-7.96 -2.39 3.07
-9.23 -2.05 3.51
-8.89 -2.07 3.70
-6.60 -5.02 3.48
-7.43 -6.21 2.43
-7.60 -4.85 4.02
-6.20 -5.41 6.16
-8.71 -6.17 2.15
-7.70 -2.19 -1.28
-8.90 -4.14 1.95
-8.38 -4.51 2.63
-4.55 -8.68 2.23
-5.88 -4.11 0.11
-8.72 -5.04 4.24
-8.37 -5.36 4.11
-9.60 -4.41 3.96
-8.87 -5.87 4.13
-8.11 -3.32 1.66
-6.29 -4.04 6.14
-8.93 -5.26 1.75
-8.27 -5.55 -1.88
-5.15 -7.66 -1.82
-7.29 -6.16 3.47
-8.33 -4.26 5.58
-8.29 -4.51 3.66
-6.05 -4.35 -0.01
-8.99 -5.70 3.79
-9.34 -5.27 2.78
-6.17 -4.09 4.88
-7.52 -5.23 3.85
-8.22 -5.29 2.74
-9.65 -3.56 -0.46
-7.67 -4.99 0.59
-7.70 -3.24 1.71
-8.15 -3.91 1.78
-9.85 -3.38 1.99
-9.30 -1.91 5.12
-11.17 -3.55 9.24
-8.69 -4.04 7.33
-7.13 -5.24 4.15
-9.32 -4.20 1.03
-8.34 -4.15 -2.06
-8.44 -2.21 2.67
-7.98 -2.66 0.66
-8.26 -4.16 3.46
