19.61 -1.14 -16.69
19.23 -1.16 -8.69
-4.04 -8.00 19.61
7.52 -2.81 0.38
15.78 -10.62 -19.61
19.61 2.08 -8.91
0.06 7.58 14.21
19.40 -2.42 -13.74
19.16 0.70 -7.74
6.38 -1.36 3.06
4.98 1.11 0.78
19.61 0.43 -19.61
19.54 2.59 -7.65
5.30 3.55 13.61
19.61 7.05 -13.37
19.61 -0.32 -10.72
6.91 -3.54 1.53
2.16 -2.09 3.51
19.59 -12.13 -12.55
16.99 -0.51 -5.94
5.96 -0.63 12.14
16.71 10.09 -15.30
19.61 2.86 -11.28
7.47 -1.65 4.05
6.90 -1.17 0.89
19.61 3.38 -19.61
19.61 3.28 -8.03
14.59 -9.99 11.50
11.88 -5.16 1.36
19.61 -0.16 -8.30
8.90 -2.87 2.12
4.85 -1.20 0.85
19.61 -3.88 -19.61
14.35 -3.16 -4.50
1.09 1.67 9.00
19.04 10.79 -19.61
19.61 0.45 -12.53
5.59 4.93 8.85
7.87 4.24 -3.91
19.61 -7.41 -19.61
18.36 2.03 -8.24
-1.76 -14.94 19.61
12.94 -1.75 -3.65
9.45 -3.40 -3.75
13.03 -2.90 1.52
-0.69 -0.73 5.91
19.61 1.44 -19.61
17.06 1.50 -9.84
-0.78 -7.97 19.61
10.60 0.38 -2.82
18.35 -0.23 -8.43
12.17 -1.87 -3.31
1.47 -1.43 3.95
19.61 6.07 -19.61
15.52 -1.39 -7.04
3.27 -1.17 10.75
10.23 1.81 -3.44
15.82 -1.22 -8.86
13.10 1.28 -6.84
1.69 1.43 8.77
19.61 0.85 -19.61
16.13 -0.32 -12.01
6.39 0.67 6.97
8.42 0.62 -3.34
19.61 -0.40 -19.61
18.16 4.00 -10.83
3.79 0.49 15.76
14.32 0.90 -7.23
14.89 0.07 -3.71
11.05 -3.86 -0.80
2.92 -0.81 3.90
19.61 -1.18 -19.61
18.44 2.30 -12.77
1.98 -8.98 19.61
13.80 1.56 -5.92
13.73 -1.30 13.15
10.81 -1.94 1.75
2.61 -2.23 3.53
2.42 3.17 2.52
19.61 2.39 -10.97
0.52 -1.81 16.03
9.05 2.71 -5.68
17.52 12.03 -19.61
17.61 3.05 -8.75
2.51 4.14 12.73
16.03 1.06 -17.74
15.15 1.52 -13.78
4.06 -0.03 9.90
6.66 4.10 -7.28
11.21 5.85 -11.23
19.61 1.80 -9.13
2.03 -11.95 19.61
17.46 0.73 -10.27
16.60 -0.52 -10.26
-1.17 0.00 15.23
9.71 0.40 -3.80
14.44 1.43 -19.61
12.31 -2.31 -2.74
2.64 -0.45 3.80
19.12 5.50 -19.61
19.61 1.59 -9.52
-3.61 -10.86 19.61
8.61 -3.50 -2.85
16.00 -4.29 -6.26
5.82 -2.78 3.48
7.15 -0.45 1.07
17.35 3.23 -19.61
18.61 0.98 -11.71
10.31 0.98 2.56
18.34 4.22 -18.58
18.86 2.66 -11.83
5.55 2.20 8.40
8.50 -0.30 -1.10
16.31 -5.09 -17.85
11.37 -0.51 -1.99
-0.94 -0.48 7.61
18.55 2.52 -17.21
15.69 -0.44 -7.22
1.57 4.03 6.37
6.61 -1.97 1.84
17.44 4.57 -19.57
19.61 2.48 -12.27
-0.63 -0.35 9.88
19.61 2.73 -17.81
11.92 -4.30 -5.82
3.83 2.95 6.70
5.68 -1.47 0.57
17.66 9.13 -19.61
19.61 -4.04 -17.00
1.21 1.96 12.11
18.29 -1.03 -18.49
12.71 -2.15 -11.43
-4.55 2.71 12.07
8.92 0.11 -2.57
13.03 -5.65 -10.70
9.15 -1.83 -2.49
1.14 -1.69 8.19
12.20 -10.24 -19.61
15.91 -2.70 -9.59
-3.65 -0.11 14.72
12.35 0.51 -4.81
16.49 0.73 -16.01
-2.89 -8.19 19.61
14.60 2.01 -6.20
15.29 9.33 -16.59
6.30 0.79 8.06
8.87 -0.47 -0.31
16.37 -4.50 -19.61
10.20 1.14 4.86
9.90 -1.12 0.71
19.61 -2.12 -19.61
13.61 4.36 11.08
11.41 -0.21 -4.54
14.38 -9.14 -16.20
2.33 -0.83 19.61
19.61 15.12 -19.61
13.59 -1.76 -3.87
8.50 -5.61 2.32
18.50 0.40 -17.00
5.14 -2.76 19.61
19.61 7.47 -17.61
14.47 -3.52 -8.05
10.07 -5.10 2.09
19.61 6.98 -19.61
10.92 3.67 10.38
14.15 -0.22 -3.82
15.81 -3.51 -13.41
2.21 -6.84 17.73
19.61 6.42 -19.61
13.48 3.03 3.76
10.60 -1.10 -1.33
17.28 1.66 -16.27
11.31 -8.38 19.61
19.61 13.96 -19.61
13.49 -3.31 2.32
13.92 -4.41 1.28
19.61 -17.25 -4.85
7.04 4.47 6.59
19.61 10.15 -19.61
12.97 -1.77 -5.85
10.14 -1.24 1.88
19.61 -0.36 -19.61
16.22 6.51 19.61
6.34 19.61 19.61
9.77 -11.03 19.61
19.61 1.82 -19.61
11.60 3.23 2.69
13.28 -2.85 -4.37
15.32 1.58 -14.38
12.31 -8.49 16.48
18.49 6.48 -19.61
13.40 -4.15 -1.22
12.27 -2.36 3.28
19.61 3.65 -17.72
12.00 -0.90 -1.07
5.72 -2.45 2.93
19.61 19.61 -19.61
9.72 -1.70 1.37
5.08 -0.77 4.76
19.61 17.09 -19.61
10.81 -2.50 -2.70
4.79 -2.04 3.54
19.61 13.11 -17.47
14.16 -0.37 -6.39
4.90 0.82 7.07
17.55 -7.16 -19.61
11.94 -1.58 -6.23
6.39 0.55 11.42
19.61 8.46 -19.61
13.50 -1.20 -7.19
5.76 2.61 6.45
19.61 -4.68 -13.45
10.46 -0.36 -6.93
6.62 1.12 7.15
19.61 1.42 -12.01
13.98 -3.77 -3.91
2.55 -0.35 9.81
19.61 -5.68 -19.61
14.53 -1.41 -8.43
5.67 2.64 5.30
19.61 2.98 -19.61
14.65 0.10 -8.68
6.02 3.61 7.05
19.61 15.10 -19.61
7.32 6.70 5.50
12.90 -1.46 -2.26
19.61 -19.61 -19.61
14.85 9.09 -1.08
8.62 -2.86 -1.23
6.32 0.44 -8.96
2.15 2.10 19.61
19.61 8.83 -16.29
12.05 1.33 -9.20
-0.66 -2.30 19.03
17.38 9.03 -10.20
9.69 -1.39 -2.72
3.02 0.88 18.65
18.56 16.42 -19.61
19.61 -1.20 -18.76
12.29 -3.59 17.30
19.61 11.86 -19.61
15.24 2.84 -10.17
9.40 -2.15 7.03
19.61 4.00 -19.61
16.56 2.75 -12.05
3.92 3.27 11.95
13.55 -13.37 -19.61
11.97 -1.05 -11.46
3.61 2.14 9.61
12.46 -1.53 -19.61
11.91 0.40 -9.51
1.98 0.31 9.62
11.77 -7.74 -19.61
16.09 1.95 -16.57
3.63 -0.08 9.35
19.61 -2.44 -19.61
19.61 1.32 -8.15
4.65 3.35 9.61
19.61 -1.42 -19.61
8.14 -5.19 -1.60
4.89 -0.04 4.28
18.29 7.04 -19.61
18.39 0.91 -11.56
4.15 -2.40 13.97
19.61 15.42 -19.61
18.40 1.98 -14.68
1.34 -3.39 19.61
19.61 16.46 -19.61
10.40 4.12 4.86
4.51 2.90 13.39
19.26 -13.72 -19.61
17.34 0.64 -9.82
2.32 2.91 9.21
17.02 -2.93 -19.61
8.55 -3.11 -5.72
3.51 1.42 5.68
17.30 1.92 -19.61
10.08 -1.37 -2.88
5.54 -1.86 4.18
12.28 12.54 -19.61
7.74 -2.00 -1.10
3.90 -1.11 2.94
18.63 6.72 -19.61
8.82 0.78 0.92
9.89 0.50 -0.30
15.17 -8.74 -19.61
6.11 8.03 14.42
10.97 1.30 -7.67
11.23 0.52 -14.11
7.15 1.55 19.61
15.23 12.83 -19.61
15.80 0.84 -18.43
16.11 -4.87 10.83
13.81 6.32 -19.61
8.10 -0.59 -3.90
4.47 1.52 7.98
14.68 2.76 -19.61
14.37 0.80 -10.37
4.41 0.06 14.54
18.29 -3.76 -19.61
15.08 1.90 -8.41
6.21 -1.07 4.43
19.61 0.65 -19.61
10.00 -3.40 -4.07
5.42 0.30 6.39
19.40 -9.25 -19.61
11.33 -3.32 -6.81
1.22 0.05 8.22
19.61 15.52 -19.61
4.19 3.17 1.81
4.07 -1.29 1.72
12.85 -2.71 -19.61
3.11 -7.13 15.83
15.34 14.34 -19.61
-0.16 -1.31 -0.35
1.89 -1.18 3.55
18.08 3.18 -19.61
3.55 4.00 0.66
3.23 -0.20 4.90
19.61 11.94 -19.61
11.29 -14.23 19.61
19.30 12.29 -19.61
10.53 0.43 6.61
7.56 4.35 4.26
16.72 6.79 -19.61
9.88 1.21 19.61
19.55 19.61 -19.61
10.00 1.05 3.56
11.72 0.94 -7.52
6.47 -0.12 0.24
12.64 -2.58 -8.12
12.91 -4.12 -14.32
9.69 1.51 15.12
13.87 -19.61 -19.61
5.66 6.91 -1.98
3.91 -7.34 2.43
7.93 -15.80 3.01
1.73 4.22 6.94
13.23 8.30 -19.61
6.52 1.81 -11.08
1.44 -1.13 9.16
-3.62 7.51 -19.61
-0.98 -0.99 -1.28
0.37 -0.30 -0.13
9.52 -5.39 -19.61
6.51 1.58 -6.92
-0.27 -1.26 0.40
17.22 -7.80 -14.78
11.24 -3.57 -7.27
3.27 1.30 3.18
10.63 4.47 -19.61
11.24 -2.31 -9.25
0.91 3.09 8.15
9.39 -4.39 -19.61
4.79 1.00 -1.37
5.40 -1.86 -2.07
19.48 2.77 -13.06
6.25 2.07 -3.37
-4.08 -1.00 0.77
6.22 4.93 -12.64
9.49 2.16 -14.28
-3.11 0.96 6.11
10.60 -1.20 0.00
12.32 7.44 -14.12
13.89 0.76 -9.15
7.64 -0.79 6.18
10.16 -2.24 -6.11
7.03 0.73 -9.94
16.56 -0.40 -8.08
-3.21 -3.46 16.38
4.01 -2.27 -3.27
15.97 -1.19 -15.79
16.74 -0.23 -7.09
-1.46 -5.26 17.85
5.32 -0.88 -6.30
12.43 2.36 -16.16
6.17 -4.53 -4.42
-1.94 1.62 0.05
10.25 0.27 -17.21
16.90 0.11 -14.81
5.60 4.30 8.89
5.65 1.07 -11.60
8.44 2.15 -8.06
2.55 3.64 7.20
6.21 1.81 -3.49
8.62 -2.09 -19.61
5.42 7.75 3.50
6.79 -1.67 -1.44
15.79 14.66 -19.61
12.25 1.76 -4.69
0.71 0.08 8.41
19.61 9.85 -19.61
8.92 -3.34 -0.84
1.69 0.11 6.22
19.61 0.01 -19.61
9.37 -1.87 -1.80
1.36 0.02 5.12
18.64 9.23 -19.61
2.70 6.49 5.18
6.97 -2.15 -0.98
14.00 -0.29 -13.23
1.20 2.81 5.61
6.17 -0.21 -2.69
8.40 4.89 -10.47
4.69 2.34 12.49
11.33 -1.17 -2.61
12.68 -0.30 -12.80
4.93 6.42 8.92
11.71 0.71 -3.33
13.94 1.74 -8.39
2.10 7.49 8.31
8.41 -2.08 -2.70
14.97 2.88 -12.96
1.59 6.57 16.57
12.13 2.03 -6.73
10.81 6.08 -17.69
3.49 -3.09 9.14
15.27 5.51 -11.60
12.79 2.00 -12.88
1.97 -2.84 19.05
12.86 12.01 -19.61
16.36 1.86 -13.62
5.84 -3.79 9.15
17.95 12.90 -19.61
16.50 1.86 -10.71
-2.81 1.96 12.09
13.60 -2.20 -0.84
10.68 -2.97 -9.48
14.01 -3.20 -3.89
0.58 -1.26 13.05
16.81 9.03 -19.61
15.74 -1.14 -9.96
11.87 -1.23 -2.94
6.65 -0.94 1.43
19.61 17.91 -19.61
15.89 0.91 -8.69
-1.13 -4.88 16.64
19.61 3.66 -14.22
6.64 0.94 -16.31
11.16 -3.90 -1.40
-0.67 -0.34 10.40
13.32 -3.38 -19.61
17.86 -0.08 -11.20
3.52 -6.54 19.14
13.61 0.75 -2.91
14.83 -5.62 -16.69
5.73 0.85 0.00
3.20 0.33 2.33
19.61 9.94 -19.61
14.30 -1.11 -4.25
4.60 1.29 7.44
13.43 -3.40 -19.61
9.74 0.88 -10.18
3.92 4.69 7.28
6.29 1.07 -3.73
16.73 -3.56 -16.50
3.51 -0.62 0.05
2.90 0.55 4.21
13.27 11.27 -19.61
5.35 -0.34 -4.28
0.27 1.50 5.91
13.74 -3.51 -17.94
11.75 1.86 -10.91
6.14 -1.76 8.50
-0.49 1.77 -6.72
10.78 2.09 -19.61
8.75 -1.25 -5.65
0.54 -1.08 7.65
16.90 -0.51 -19.61
14.38 -0.79 -12.46
2.96 -2.41 13.57
9.89 0.03 -4.25
15.42 1.61 -14.58
6.76 -2.75 -0.90
2.37 -0.25 3.55
11.98 12.65 -16.96
9.76 -0.53 -5.47
0.17 -0.21 10.44
11.52 -1.28 -19.61
13.98 3.13 -12.57
5.86 0.17 4.75
14.39 1.80 -18.36
14.80 4.65 -7.25
1.88 -7.98 19.00
18.53 6.65 -14.75
16.60 -0.39 -18.46
2.84 -2.62 14.74
8.47 -1.42 -1.24
12.13 -1.19 -13.16
6.03 -0.79 -1.61
-1.19 -2.45 6.07
13.54 -1.15 -19.61
14.41 0.98 -12.46
3.89 -2.86 3.74
4.51 -1.29 -0.91
15.40 5.58 -19.61
15.62 3.37 -12.44
2.54 -0.08 11.13
14.80 -0.37 -19.61
18.22 -3.30 -9.82
2.20 -1.23 11.15
8.10 5.02 -19.61
16.72 0.00 -18.97
2.92 -2.02 19.61
10.09 1.60 -5.04
13.03 3.96 -5.90
5.10 -0.62 4.26
5.42 -1.62 -0.21
9.09 2.71 -19.61
15.59 0.34 -6.79
6.23 -6.78 14.95
15.46 6.97 -19.61
14.22 0.35 -7.33
1.12 -5.03 17.40
16.68 10.64 -15.56
15.62 1.08 -11.12
4.64 0.66 10.43
10.00 1.86 -5.95
10.39 4.98 -15.93
3.80 3.45 11.20
8.32 -0.11 -4.16
14.85 -2.98 -13.84
6.37 5.22 3.51
-9.67 -2.54 -10.99
-7.54 -0.60 -6.81
-7.23 -0.31 -4.49
-6.85 0.04 -3.70
2.19 -1.05 0.96
15.05 -1.61 -19.10
14.17 -3.83 -10.88
1.11 3.14 12.77
11.17 1.41 -6.24
6.23 3.10 -2.93
9.10 6.60 2.37
6.11 -1.67 -0.65
18.60 14.16 -19.61
15.49 -3.59 -7.53
1.04 3.86 4.57
15.92 -4.80 -19.61
11.15 -1.08 -8.33
2.79 -2.09 14.56
19.61 16.76 -19.61
14.89 0.08 -15.84
6.74 1.32 17.02
12.20 0.41 -5.28
5.81 -0.69 -7.86
10.19 7.26 7.32
7.50 -2.50 -2.63
17.69 -5.95 -18.05
5.94 6.45 5.96
6.57 -1.47 -0.46
17.65 2.32 -19.61
6.64 -1.48 -0.00
3.29 -0.19 3.79
19.61 -4.32 -19.61
14.19 -1.44 -0.85
4.87 -6.29 19.61
19.11 7.37 -16.45
19.61 -10.15 -19.61
4.33 -1.75 0.29
0.84 -0.28 3.29
19.61 -12.48 -19.61
14.22 -0.99 -6.57
-0.45 -0.18 11.66
10.56 -2.22 -1.45
15.84 -7.77 -13.97
6.92 -2.66 0.14
2.14 0.76 4.97
15.49 -0.59 -19.61
10.84 -2.65 -10.26
2.83 2.66 8.20
15.80 -10.32 -19.61
10.41 -1.51 -8.55
1.51 -0.58 8.24
11.45 -2.44 -19.61
16.54 -6.23 -10.97
4.37 7.22 7.60
19.61 1.12 -19.61
17.53 -0.55 -7.18
4.59 -5.51 17.62
19.61 5.35 -12.38
11.20 -2.15 -14.03
3.24 4.72 2.46
4.35 -0.23 1.28
19.61 7.37 -19.61
4.44 2.21 4.84
5.69 -0.99 -0.14
17.29 11.02 -19.61
7.59 -2.87 -0.57
1.91 2.56 5.20
14.41 -12.64 -15.79
14.08 -1.80 -15.67
3.59 -1.08 17.94
13.81 8.50 -19.61
10.46 -0.56 -13.64
0.49 0.83 4.34
-8.82 -1.05 -8.34
-6.70 -0.90 -3.37
0.59 -0.01 3.83
17.35 -5.83 -19.61
14.53 -4.17 -13.36
6.00 -0.72 17.64
16.88 3.83 -19.61
8.25 -1.02 -7.91
7.48 6.45 6.34
7.87 -1.84 -3.00
5.54 -3.62 -8.45
5.92 1.72 1.67
2.95 -1.86 1.56
19.61 12.34 -19.61
5.35 9.38 3.49
6.70 -1.40 -0.60
17.70 -2.25 -19.61
4.77 3.57 12.91
8.22 -0.57 -2.19
15.70 -5.74 -8.87
5.28 4.87 6.34
9.92 -0.72 -0.85
17.42 -3.66 -10.58
4.42 7.55 7.87
7.50 -1.71 -0.99
17.26 -2.82 -19.61
5.02 4.85 8.96
9.98 -3.00 -2.04
17.12 -3.02 -19.61
4.44 6.60 4.30
8.22 -0.85 -0.47
14.13 -6.64 -12.81
2.65 2.46 16.37
11.85 -4.10 -4.61
17.28 -4.29 -17.86
5.58 0.48 16.11
13.13 -0.55 -4.08
11.95 -2.73 -4.97
4.72 -4.29 19.61
18.78 -1.80 -4.93
14.76 0.77 -10.38
6.76 -7.17 19.61
19.61 4.04 -8.71
10.90 1.90 -9.47
1.43 1.84 15.01
11.48 -2.89 -2.20
9.46 -1.56 13.11
6.53 5.70 7.69
9.44 -1.47 -2.42
17.10 -0.74 -18.35
7.13 9.09 7.04
10.02 -0.12 -3.03
13.41 -3.47 -5.96
7.65 -0.52 -0.36
4.68 1.52 4.33
12.93 2.35 -19.61
13.52 -3.18 -4.31
2.31 1.75 10.30
16.44 -5.39 -19.61
15.96 -2.79 -12.36
2.96 7.43 10.42
15.89 -14.37 -19.61
12.37 -2.23 -10.67
5.05 0.73 3.64
19.61 16.32 -19.61
7.67 -2.53 -2.42
4.26 0.66 2.53
14.90 -9.50 -19.61
13.42 -2.66 -2.64
4.13 2.52 4.10
19.61 2.07 -19.61
13.04 -0.24 -11.77
4.73 -0.81 10.93
13.13 4.55 -19.61
11.95 -1.87 -9.35
0.76 2.23 14.21
19.11 -1.65 -19.61
12.62 -4.74 -11.38
-3.79 -1.76 19.61
13.94 0.79 -6.21
9.78 1.79 -13.22
11.19 -5.49 19.61
19.61 15.89 -19.61
17.10 2.28 -15.35
11.08 1.79 10.37
17.18 2.20 -19.61
16.58 0.57 -19.61
4.63 3.59 6.85
19.61 -3.88 -19.61
16.70 -2.64 -11.52
2.68 -1.71 19.61
19.61 10.76 -19.61
15.59 -1.17 -12.89
4.15 -0.53 15.92
16.22 2.64 -6.03
12.95 1.49 -14.39
4.55 3.68 8.51
10.86 -1.81 -3.45
9.06 -1.71 -4.66
6.17 0.08 16.31
12.11 -3.01 -4.24
8.43 -2.56 -9.74
4.19 7.82 7.12
9.40 -2.02 -0.34
11.86 -3.00 -5.62
4.88 1.67 -0.53
7.19 1.09 2.99
19.61 2.57 -19.61
8.46 3.04 4.37
6.80 -0.16 0.66
19.61 3.08 -19.61
8.12 -0.04 -2.81
3.18 0.65 4.16
19.61 -4.77 -19.61
9.07 -2.70 -2.31
4.74 0.57 2.92
13.52 0.68 -19.61
7.33 0.65 -2.09
6.12 -0.83 2.72
4.92 11.40 -7.35
8.11 11.49 9.55
9.62 -3.51 -2.25
18.56 -4.50 -7.46
7.00 7.45 4.76
7.82 -1.15 -0.56
11.10 -1.52 -19.61
3.43 9.95 5.94
7.42 -0.32 -0.91
19.61 3.32 -19.61
7.58 -3.85 0.88
5.60 -1.67 1.00
17.42 19.61 -19.61
8.03 -0.24 -1.37
4.47 1.45 4.45
19.61 6.64 -19.61
7.14 3.11 0.47
7.04 -1.71 1.98
19.61 18.71 -19.61
10.50 2.45 -7.77
3.43 -0.69 7.06
14.91 -9.00 -19.61
9.38 -3.25 -11.26
3.18 1.13 12.64
16.65 -8.41 -19.61
12.17 -2.90 -14.10
7.65 0.00 5.80
19.61 1.01 -19.61
9.11 -1.53 -3.87
8.67 1.22 0.39
14.50 8.47 -18.42
8.43 3.46 1.27
6.74 0.44 -0.44
5.36 5.33 -8.37
7.96 6.60 7.61
8.26 0.48 -2.76
11.96 -0.01 -19.61
9.37 5.87 4.24
8.74 -1.52 1.73
12.36 -1.27 -18.12
5.54 4.80 2.01
5.62 0.12 1.29
16.01 1.93 -19.61
4.79 6.74 3.32
5.78 -0.07 -0.63
8.92 -4.47 -19.06
5.18 7.62 0.38
5.84 -0.32 0.27
15.46 -0.28 -19.61
8.33 7.84 1.39
9.44 0.05 -0.96
8.35 -3.14 -2.53
8.19 -2.32 -9.13
9.05 -1.28 0.96
14.47 -9.51 -19.61
9.83 0.72 -7.70
3.74 1.89 9.15
16.62 -9.60 -17.24
9.31 -3.90 -11.80
4.55 2.55 7.94
18.79 -12.17 -19.61
7.27 -0.05 -12.18
2.55 -2.56 10.38
18.41 6.42 -19.61
7.07 -0.06 -11.06
4.78 -2.56 13.25
13.11 5.97 -19.57
10.59 -2.79 -17.26
4.28 0.01 14.62
19.32 15.13 -19.61
11.65 -0.50 -13.12
1.84 -4.11 15.42
12.31 -3.93 -2.53
9.44 -7.00 -6.62
0.24 2.62 7.07
7.29 -2.07 -0.19
10.23 -4.51 -6.70
6.79 -5.79 14.06
12.40 3.43 -7.03
4.47 -0.82 3.29
2.92 3.58 8.13
9.74 -1.03 -2.55
8.72 -4.81 -6.91
6.42 3.49 6.45
9.65 -1.71 -3.43
12.13 -3.59 -18.82
4.89 7.71 3.59
9.11 -2.95 -2.24
16.65 -6.34 -19.61
9.85 -8.55 19.61
11.21 -2.33 -3.16
10.13 1.23 -11.35
10.20 -3.15 19.61
10.64 -3.61 -4.73
19.61 3.99 -19.61
7.26 4.14 10.36
8.86 -0.55 -2.95
15.13 -8.80 -5.98
5.27 0.41 1.35
2.04 0.69 6.39
19.61 19.61 -19.61
8.02 -0.80 -1.98
8.01 -1.13 -2.47
17.89 19.05 -19.61
9.68 1.02 -10.46
5.07 -1.76 1.35
19.61 6.68 -19.61
10.19 -0.81 -12.57
3.72 2.25 5.04
16.30 -2.98 -19.61
7.66 -3.71 -13.63
4.58 2.41 7.32
19.61 -5.69 -19.61
8.38 -0.33 -10.45
4.93 -1.81 11.61
10.67 -6.81 -19.61
5.91 -4.44 -11.04
5.26 1.68 12.07
19.61 -7.26 -19.61
8.70 -2.54 -10.15
5.55 2.95 5.18
17.63 -14.88 -19.61
9.84 -0.51 -16.44
6.66 1.03 13.05
11.09 -6.48 -19.61
12.76 -1.81 -17.99
5.52 2.03 16.90
13.68 -1.48 -8.44
10.94 4.18 -19.61
3.52 -2.41 15.58
14.52 -2.29 -6.95
19.61 2.32 -19.61
7.18 2.05 6.01
6.62 -1.24 -1.45
9.85 0.67 -5.94
4.99 7.85 2.15
7.09 -0.39 -1.00
12.46 -0.97 -19.61
5.20 0.46 -3.67
3.62 -0.85 3.95
14.38 -11.28 -19.61
8.99 -4.84 -9.17
5.80 2.51 11.37
19.61 -10.46 -19.61
15.51 -1.24 -15.74
13.72 -1.14 5.62
19.61 4.91 -19.61
10.18 -1.15 -12.95
7.89 4.60 5.64
7.80 -2.79 -3.13
19.61 -10.36 -19.61
6.22 2.63 -3.07
2.69 -0.59 5.46
19.61 19.61 -19.61
2.07 3.20 0.52
-9.59 -3.60 -7.76
-6.32 -2.66 -3.47
2.31 -0.93 0.81
11.71 -0.89 -19.61
5.03 -6.26 -7.90
-2.70 -0.68 5.72
-8.70 -4.30 -3.01
-8.00 -3.40 -1.77
-0.85 -0.68 4.13
10.79 1.00 -19.61
7.63 -6.53 -12.57
1.61 6.18 11.22
6.33 -0.72 -2.62
16.21 1.05 -16.85
7.55 2.73 0.77
4.87 -0.76 2.66
11.05 9.02 -19.61
13.55 -3.35 -10.70
8.79 1.20 8.36
11.79 4.20 -19.61
15.97 0.17 -13.45
5.52 -3.15 15.00
17.88 8.88 -19.61
10.50 -1.73 -11.74
4.57 -2.20 19.61
19.61 3.56 -12.65
11.18 -3.79 -8.79
5.76 2.97 9.20
6.56 -2.36 -1.54
19.61 -3.62 -19.61
13.62 -1.31 -7.04
4.95 0.44 4.93
9.21 -0.89 -19.61
12.29 1.06 -16.39
2.39 0.54 13.22
8.52 -1.49 -2.44
4.46 -1.60 -11.60
6.72 10.24 1.84
5.97 -0.73 -0.27
2.37 13.35 -19.61
11.17 -1.02 -11.01
1.26 2.37 11.46
9.64 3.77 -19.61
12.74 1.42 -13.30
-0.05 -2.50 19.61
12.66 1.24 -8.53
14.33 -2.83 -12.48
4.10 0.45 2.26
5.87 -3.12 2.23
13.24 4.69 -3.18
15.26 -1.52 -7.60
-3.31 3.97 10.82
19.61 9.30 -7.45
10.60 -1.75 -9.01
3.40 -4.15 14.26
5.47 -0.40 -2.08
14.32 10.46 -19.61
10.72 -1.26 -7.98
0.32 -2.21 16.50
8.47 -2.27 -3.23
12.52 -8.86 -10.31
9.89 -0.14 -7.88
-2.89 2.15 5.15
15.12 -0.34 -12.15
19.61 -1.86 -19.61
6.56 1.80 2.69
4.81 1.05 -3.97
13.05 -4.00 -18.88
12.05 -3.74 -5.79
1.50 2.03 13.62
13.60 7.12 -19.61
15.91 -1.96 -13.06
9.95 -4.33 -1.43
0.34 -3.78 1.10
19.57 -11.97 -17.65
17.91 1.76 -14.85
-5.95 -1.04 19.61
10.98 -2.72 -2.35
12.81 -15.40 -0.12
9.86 -1.88 -1.67
-3.06 -4.10 -3.68
13.37 2.03 -10.30
17.27 11.68 -19.61
-0.49 3.45 9.36
7.77 2.17 -2.67
16.07 -6.27 -6.05
16.38 0.84 -7.83
1.27 2.96 5.70
3.39 -0.13 2.11
19.61 -2.75 -19.61
11.89 -3.16 -1.36
0.64 4.95 8.60
15.51 1.71 -19.61
19.61 2.67 -15.29
-3.31 0.29 19.61
12.22 2.48 -10.38
18.11 -3.77 -19.61
10.14 -0.62 0.91
4.90 -1.12 0.31
13.54 6.66 -19.61
13.14 3.92 -5.72
-0.42 2.38 8.96
13.21 3.03 -14.76
17.69 -4.58 -8.76
8.25 -2.68 1.14
4.49 -2.93 3.83
16.77 9.17 -19.61
16.48 -3.48 0.77
7.35 -3.80 -3.03
18.01 7.61 -19.61
8.65 3.98 9.45
10.18 1.20 -10.83
19.61 -1.16 -6.62
6.22 -2.96 8.29
18.55 8.29 -19.61
2.96 -2.66 19.61
13.11 0.47 -6.06
19.61 -3.72 -14.80
5.94 -2.20 18.02
19.61 0.13 -19.61
7.26 3.76 7.07
19.57 5.89 -8.49
19.61 -1.91 -4.10
8.40 -2.03 2.49
19.61 -2.68 -19.61
2.82 0.66 19.61
19.61 16.37 -19.61
5.12 2.78 17.66
14.78 2.11 -10.34
19.61 -0.14 -11.41
5.56 -4.61 9.37
19.61 -4.16 -19.61
11.71 6.00 19.61
19.61 -8.58 -19.61
4.44 -15.46 19.61
19.61 1.71 -19.61
10.88 -0.93 6.28
19.61 -0.24 -9.42
13.71 -1.31 -2.88
12.39 -4.25 2.06
19.02 -19.61 -0.92
11.02 -2.22 -5.38
14.88 -1.36 -4.85
14.70 12.20 -19.61
2.23 -6.15 19.61
11.43 -0.91 -12.39
13.92 -2.83 8.79
19.61 7.28 -19.61
8.46 -2.21 14.53
16.48 -5.65 -1.37
19.61 11.62 -19.61
3.22 -11.83 19.61
19.61 4.92 -19.61
19.61 14.10 -19.61
7.67 -3.24 19.61
19.61 -1.45 -19.61
8.88 -11.68 19.61
19.61 5.30 -19.61
19.61 -0.17 17.10
15.86 9.13 7.16
19.61 9.02 -19.61
19.61 -4.08 19.61
8.00 -4.63 -7.77
19.61 19.61 -19.61
19.61 0.72 19.61
12.51 -7.04 14.01
19.61 -19.61 -19.61
19.61 -2.49 3.64
8.13 3.54 13.70
19.61 -10.04 -19.61
7.27 5.36 4.80
8.79 -1.07 -3.05
15.25 10.51 -19.61
16.96 -4.47 -0.65
4.64 -2.76 3.19
19.61 10.63 -19.61
13.62 -3.57 1.37
2.48 -1.05 3.22
15.52 16.72 -19.61
7.64 -1.89 4.91
7.39 -1.98 -3.03
12.00 19.57 -19.61
17.51 -1.14 4.09
6.91 -1.42 -2.72
19.61 -2.33 0.10
11.09 3.59 7.04
8.31 0.40 -2.57
19.61 -3.52 -16.67
4.16 -7.95 19.61
15.78 -3.21 -4.73
19.61 5.04 -17.36
8.29 10.95 19.61
19.61 11.04 -19.61
15.56 3.72 -16.16
3.49 8.29 19.61
15.87 -6.43 -19.61
10.69 -4.49 -4.25
7.57 -2.40 5.30
19.61 9.39 -16.60
9.39 1.98 13.95
10.16 -2.07 0.68
19.61 -3.59 -16.34
-1.94 3.25 14.12
0.96 0.92 -9.37
5.73 5.41 -12.43
13.65 0.17 -14.45
3.83 1.46 4.98
4.98 1.98 -5.77
17.14 3.64 -19.61
18.56 -0.36 -10.86
-4.85 -11.98 18.95
4.33 -0.29 -1.99
15.73 8.34 -19.61
10.31 2.55 -5.60
-3.09 2.59 5.21
12.36 2.58 -8.36
19.61 -2.55 -14.33
6.46 2.76 6.25
4.16 2.50 -3.72
16.15 4.65 -19.61
16.62 -0.41 -9.05
-3.68 0.43 18.59
3.11 -2.38 -1.26
8.13 14.79 -19.61
14.29 -2.10 -7.06
4.25 -4.21 15.48
10.40 -0.70 -7.96
11.71 -14.11 -10.07
14.17 0.11 -7.77
-0.82 4.13 9.00
11.97 -3.56 -7.04
13.44 -6.30 -6.81
7.55 -4.58 1.04
0.98 -1.56 0.90
19.61 -6.59 -15.64
13.50 -2.35 -12.61
4.76 4.98 2.98
2.48 1.10 -1.46
16.34 2.89 -19.61
16.19 -1.58 -9.33
-2.01 -6.79 19.35
13.05 -0.65 -13.25
14.08 1.29 -4.82
4.12 -2.44 -19.61
0.61 1.94 3.69
14.31 -7.31 -11.70
18.19 -0.65 -13.93
3.07 2.81 3.93
3.99 -0.57 0.86
18.88 -0.12 -19.57
17.91 -3.69 -12.51
0.35 -1.77 14.02
8.93 -0.39 -11.30
11.71 6.96 -10.68
4.34 -0.96 6.28
4.37 -1.86 0.71
11.84 10.75 -19.61
16.10 -2.63 -15.64
2.43 -0.46 12.95
19.61 5.33 -19.61
19.61 4.31 -12.26
2.28 -9.61 19.61
15.54 4.32 -19.61
15.18 -2.08 -6.20
2.91 -4.73 15.06
16.80 3.47 -15.74
9.04 -5.06 6.89
3.37 0.80 13.43
18.45 5.20 -19.61
11.54 1.61 -7.93
1.92 -2.37 13.53
19.61 -3.33 -19.61
9.92 -1.48 16.40
11.81 -1.36 -14.98
11.65 1.33 -11.61
7.42 0.43 5.85
19.61 -1.21 -19.61
14.67 1.97 15.87
13.27 -0.11 -19.61
7.81 -0.24 18.99
14.49 -0.26 -19.61
13.50 2.38 12.14
18.05 -2.42 -12.81
16.59 -1.93 -8.93
15.36 0.04 -7.37
16.63 -2.28 -15.56
15.69 -1.56 12.65
19.42 3.97 -19.61
19.61 7.85 19.58
19.61 4.08 -19.61
17.04 10.75 19.61
12.14 17.34 -19.61
7.28 -10.04 19.61
13.37 6.40 -19.61
10.99 -10.28 19.61
19.61 1.06 -16.98
18.29 5.50 -6.17
11.76 1.61 -9.65
18.36 -4.56 -8.53
12.09 -0.25 -8.92
18.18 0.96 -19.61
19.61 1.45 14.71
19.61 11.30 -19.61
4.59 12.02 19.61
-1.78 -19.61 -19.61
4.75 3.05 7.22
19.61 2.04 -14.23
16.67 -2.71 -6.65
12.15 -0.88 2.01
19.61 -1.50 -19.61
12.33 10.74 19.61
12.89 8.59 -19.61
11.67 -1.67 17.80
17.34 4.83 -19.61
14.04 -2.42 -7.38
12.96 -0.74 -1.88
13.91 -7.01 -8.93
11.73 0.31 19.61
19.61 -2.28 -19.61
9.25 -0.97 -1.00
9.89 -0.36 -3.11
16.02 9.89 -19.61
8.41 -0.24 -4.11
1.15 -0.69 5.34
14.94 -4.53 -19.61
18.20 -2.40 -13.48
1.39 -12.13 19.61
16.13 -1.31 -8.31
6.99 -9.56 -8.34
10.85 -5.69 0.76
0.91 -0.50 4.59
18.93 1.54 -19.61
18.13 -1.18 -15.26
7.74 -8.49 10.51
16.03 4.03 -17.51
19.01 -2.28 -11.86
4.87 -2.38 2.30
1.05 3.22 4.26
19.61 -6.80 -19.61
16.44 0.31 -15.24
5.99 1.22 15.69
19.61 4.91 -19.61
19.53 -2.50 -7.82
7.34 -2.96 19.61
13.76 5.01 -12.57
19.31 -0.35 -16.68
-0.41 1.38 19.61
9.36 -3.77 -1.23
18.35 3.61 -0.18
2.52 -4.15 -0.79
3.28 1.30 1.28
19.61 19.61 -19.61
6.41 -4.28 1.55
5.21 -1.48 0.26
19.27 8.69 -19.61
9.22 -5.15 -0.41
4.95 -1.02 2.12
19.61 -5.55 -19.61
17.24 -3.01 -10.64
2.59 2.60 15.90
19.61 -10.22 -19.61
18.14 0.15 -6.61
14.89 -10.94 17.13
19.61 14.02 -19.61
15.44 0.14 -10.36
0.76 6.53 14.07
11.64 0.28 -5.86
9.40 -6.54 -0.40
5.19 5.46 19.61
8.41 -2.09 -3.65
19.61 -18.72 -10.45
6.24 -2.44 -0.53
1.53 0.23 3.98
17.25 -5.42 -19.61
9.69 -2.09 -6.68
0.41 -1.23 7.81
19.45 -2.22 -19.61
19.61 1.97 -15.27
-0.39 0.64 19.61
19.01 8.47 -16.03
16.16 -0.04 -9.30
3.35 5.99 6.64
0.17 -4.55 -19.61
11.62 -1.35 -19.61
1.76 5.83 14.85
7.26 -1.64 -3.57
19.61 -9.02 -17.50
10.71 2.33 2.76
7.15 -0.52 -2.89
1.88 9.96 -15.38
13.04 0.10 -11.60
2.48 1.20 10.82
15.01 -4.98 -19.61
14.89 -0.61 -10.78
-2.62 -2.60 9.59
5.32 2.04 -11.10
11.51 -4.38 -11.52
2.69 3.27 1.65
3.15 0.28 -0.05
14.06 6.12 -19.61
8.22 -0.54 -6.45
0.57 0.12 5.85
14.20 -4.64 -15.12
5.88 -4.79 -4.47
0.10 2.79 12.32
5.55 1.79 -2.23
11.08 7.67 -19.61
18.24 -0.76 -12.75
-1.19 -0.01 19.61
11.72 5.49 -6.09
18.40 -8.36 -11.82
7.15 4.95 6.46
5.31 1.48 -4.11
16.61 -4.54 -19.61
8.99 -1.58 -1.00
4.01 -0.94 1.96
11.09 9.26 -19.61
14.18 -1.53 -12.20
-0.53 8.90 14.27
13.28 -2.91 -19.61
12.13 -3.10 -10.88
3.96 4.53 9.86
5.94 2.62 -6.21
16.65 -10.29 -19.61
10.03 -2.06 -6.64
1.50 0.30 4.24
13.97 -2.82 -19.61
11.27 -3.81 -7.18
0.87 1.50 10.10
9.03 1.76 -3.31
11.92 -11.45 -3.58
6.29 -0.82 0.89
4.24 -1.37 -0.82
17.00 6.94 -19.61
13.81 -2.76 -10.39
-2.49 -0.51 19.61
11.52 6.77 -14.13
14.12 -0.04 -17.98
6.32 5.38 2.40
6.39 -1.27 -3.20
18.39 13.58 -19.61
12.85 -5.32 -3.68
4.83 -3.00 -2.71
11.57 19.61 -19.61
11.87 -4.17 -8.54
4.30 2.15 3.80
15.95 0.23 -19.61
19.23 0.36 -18.46
6.26 3.08 16.90
16.28 9.45 -19.61
15.15 3.16 -10.91
3.27 -1.28 16.17
7.59 3.93 -17.80
13.98 -0.56 -13.69
7.42 -0.95 0.47
4.17 0.86 0.83
17.77 14.63 -19.61
13.36 -0.77 -6.03
1.75 5.19 10.18
14.41 -5.46 -19.61
14.80 -2.89 -8.74
0.05 2.31 14.35
6.52 0.14 -1.97
16.99 -3.41 -11.44
9.82 0.53 1.91
7.58 -0.20 -2.18
19.61 0.83 -2.19
8.11 3.13 3.30
6.11 -0.02 0.04
14.45 7.91 -18.51
10.73 -1.24 -6.26
3.59 -0.00 4.84
8.54 0.63 -19.61
19.61 -0.66 -15.76
13.53 0.59 3.88
18.09 -8.61 -17.93
18.92 2.49 -19.61
3.87 2.85 11.40
5.13 1.80 -3.40
19.61 -6.06 -19.61
5.31 -3.61 -1.54
0.06 -0.12 5.19
19.61 -19.61 -19.61
14.07 -2.55 -11.72
7.88 -2.19 4.31
16.49 -2.23 -18.84
19.61 1.77 -15.88
7.13 11.43 8.80
19.61 3.34 -19.61
14.07 -3.70 -9.41
-1.33 0.50 4.66
-0.71 1.84 10.93
19.61 10.65 -19.61
19.61 -5.99 -17.00
8.31 3.22 8.37
18.42 -0.53 -12.74
19.61 -0.84 -13.81
-2.95 -3.78 19.61
10.54 -1.25 -2.68
18.46 -14.11 2.38
6.34 -2.15 1.15
2.78 0.68 -0.50
13.56 4.73 -19.61
14.83 -5.70 -10.42
0.83 3.51 1.84
15.32 -4.28 -19.61
15.15 -0.11 -8.31
9.75 -4.29 9.04
19.61 -6.53 -19.61
19.61 2.05 -17.61
-1.23 0.33 19.61
8.06 2.45 -5.91
19.61 0.48 -9.95
4.71 4.68 5.03
4.19 0.32 2.04
16.19 8.13 -19.61
15.60 -1.75 -8.79
-1.00 3.38 12.22
12.74 -8.24 -19.61
10.45 -1.87 4.91
-8.30 -10.46 19.61
8.72 2.15 -2.99
14.39 6.43 -19.61
9.15 8.20 3.20
2.33 -3.74 3.66
19.61 -7.01 -19.61
19.61 -0.45 -11.72
-3.29 -6.27 19.61
6.99 1.95 -4.36
18.69 -9.06 -10.93
10.38 -5.40 -1.94
0.41 0.31 4.59
19.61 -9.11 -19.61
19.61 2.73 -19.61
2.10 1.07 19.00
12.11 2.73 -7.95
5.18 -3.14 -2.88
7.36 1.37 0.41
7.27 -3.91 -1.30
15.96 1.38 -19.61
14.09 -2.50 -9.78
8.63 0.24 14.59
9.31 0.03 -7.16
15.57 0.51 -14.13
7.32 0.92 8.95
7.45 -0.35 -5.98
4.54 13.91 -15.69
18.96 -2.44 -14.67
4.00 7.58 19.61
15.74 -3.46 -6.71
12.28 -3.15 -11.22
13.59 -5.52 -8.08
0.91 1.06 19.61
14.28 -2.84 -5.42
16.17 -13.35 -7.17
6.68 -2.66 -0.46
0.19 3.61 5.35
19.61 -16.48 -15.53
14.05 -0.24 -0.88
7.22 -2.32 -10.43
9.31 -4.79 -2.34
-1.76 -4.12 2.85
17.40 -9.11 -19.61
13.93 -8.04 -11.46
10.44 -3.25 -9.35
4.14 3.31 13.66
19.28 -19.61 -12.52
15.06 -10.46 -7.26
9.94 -3.19 -4.51
3.76 1.81 10.69
19.61 -19.61 -19.61
13.99 -4.07 -10.65
6.16 -3.80 -0.27
2.59 -1.81 3.90
19.61 -19.61 -19.61
12.83 -1.54 -10.98
2.26 -0.05 19.61
7.06 -0.96 -7.50
3.72 -11.50 -17.76
16.85 -3.63 -14.94
0.98 10.10 6.29
19.61 -1.06 -19.61
19.20 0.85 -15.43
12.06 4.09 13.56
5.19 0.59 -7.20
18.12 5.35 -19.61
4.58 2.03 -6.19
-7.70 2.39 -8.32
-1.28 -1.45 -16.75
2.06 -1.01 5.67
6.17 0.55 -4.15
15.08 -0.85 -11.67
3.51 5.33 9.62
5.52 1.98 -2.11
16.95 -19.61 19.61
9.23 9.74 -19.61
13.11 1.33 -19.61
3.34 5.39 15.13
12.09 -6.54 -19.61
14.32 -6.29 -14.31
-2.62 -3.64 6.70
16.94 -19.61 -19.61
10.42 -8.72 -7.72
2.30 -11.21 2.92
9.56 19.61 -19.61
1.66 -19.61 19.61
19.61 -7.07 -19.61
13.77 -8.09 -2.15
7.28 -5.16 -1.54
19.61 -5.11 -19.61
9.68 -3.89 -7.91
19.61 -12.28 -16.71
8.52 -8.74 -6.53
19.61 -12.95 -6.12
12.85 -10.99 -4.37
19.61 3.15 -19.61
11.28 -13.60 -0.78
19.61 -7.50 -19.61
7.43 3.51 18.09
19.61 12.61 -19.61
10.84 1.50 19.61
13.92 19.61 -19.61
6.93 -2.04 12.16
16.34 19.61 -19.61
4.24 14.58 1.59
11.33 19.61 1.17
17.55 8.41 19.61
16.92 19.61 -10.55
19.61 10.33 19.61
19.61 19.61 -19.61
15.81 -9.60 -3.34
3.45 -6.99 -2.38
-0.74 -2.98 -12.02
13.93 -7.50 -7.94
1.45 -8.16 -1.40
11.71 0.46 -19.61
13.73 -10.28 -17.63
8.36 -3.20 19.61
5.62 4.03 -14.04
-2.21 -15.03 -18.29
16.26 -8.62 -15.32
-2.93 -3.70 12.15
19.61 -19.61 -19.61
19.61 -11.40 -16.84
2.87 -5.39 8.50
1.01 -5.40 -0.83
6.77 -5.88 -19.61
7.89 -11.40 0.79
6.33 -6.99 -5.84
-0.68 14.58 -18.60
16.51 0.26 -19.61
0.03 2.52 8.50
10.73 -19.61 -19.57
16.03 -8.15 -8.55
-0.09 3.96 7.61
13.52 -13.12 -19.61
15.07 -7.82 -14.83
1.88 -4.90 5.66
16.11 -15.20 -19.61
16.88 -7.99 -0.44
3.82 -10.94 1.06
7.80 3.44 -19.61
11.19 -7.10 -11.03
6.63 -8.52 -4.87
3.14 16.56 -19.61
13.35 3.51 1.48
6.37 -6.58 -7.61
17.59 -3.28 -19.61
7.73 2.25 12.33
6.81 -4.94 -4.63
18.55 -18.43 -19.61
7.83 -17.39 19.61
19.61 3.76 -18.56
11.74 -4.54 -11.10
8.10 -11.20 -8.17
12.67 -15.66 19.61
10.85 -9.10 -9.76
11.00 -6.80 -3.63
8.96 -9.39 -6.63
19.61 2.84 -19.61
11.26 8.74 16.95
19.61 8.85 -19.61
19.61 -3.01 9.29
12.57 10.41 -19.61
10.92 -7.22 19.61
19.61 -13.49 -15.33
10.81 -17.51 -19.61
10.08 -11.10 16.17
5.70 -13.08 -19.61
4.80 -11.81 19.61
12.13 -10.71 -4.03
16.28 -3.37 -9.28
11.19 -2.55 5.59
19.29 -14.32 -19.61
7.36 1.21 14.68
12.02 -11.20 -15.69
10.20 -4.70 -14.49
9.95 -7.95 -3.02
0.11 19.61 -19.61
9.16 -2.73 9.65
-4.74 18.77 6.70
9.21 -4.88 19.61
16.57 6.41 -19.61
14.90 -8.72 -14.75
7.47 -8.76 -2.06
12.15 -4.06 -19.61
19.01 5.63 19.61
-14.83 -19.61 -19.61
13.86 -4.89 12.83
18.20 -5.18 -17.03
12.27 -8.10 -15.46
7.05 -5.23 9.43
-6.34 3.98 9.52
-0.06 -10.83 12.61
10.26 -5.95 -7.35
19.53 -7.22 -19.61
3.99 2.92 5.36
14.90 -19.61 -19.61
9.17 -6.36 -15.48
1.45 -7.18 19.61
7.57 -2.98 -11.24
7.16 -8.53 -17.99
6.57 -2.84 -0.07
0.63 -2.19 -5.14
-19.61 16.39 10.88
10.66 -4.59 -16.66
0.34 -5.06 15.97
-0.33 -9.81 -5.35
3.40 -13.02 -16.99
9.03 -6.99 -16.20
0.07 -7.67 12.55
-2.63 -5.08 -5.26
7.66 -11.41 -19.61
9.70 -7.31 -13.90
-2.75 -4.83 12.04
-2.73 -5.80 -5.27
9.48 -16.27 -15.06
7.39 -8.35 -17.94
0.03 -7.95 -3.25
-4.31 -7.35 0.15
5.14 -1.44 -19.61
8.02 -10.00 -15.01
5.07 -7.17 -11.02
-2.41 -5.10 7.00
-2.73 -11.72 -2.69
8.72 -19.61 -3.88
9.48 -8.92 -13.77
0.49 -8.79 -2.88
-3.28 -7.16 2.93
7.07 -4.00 -19.61
9.35 -9.27 -12.21
2.30 -6.24 -2.60
-4.44 -8.09 2.92
4.62 -2.55 -19.61
6.34 -8.12 -13.86
2.88 -8.30 -8.63
-4.57 -4.58 7.53
0.64 -4.76 -10.31
-0.41 2.28 -3.86
9.44 -4.92 -15.41
-1.15 -11.53 12.20
1.05 -7.33 -2.83
2.84 1.29 -19.61
5.82 -8.49 -9.30
-2.52 -4.09 8.00
4.25 -8.94 -15.15
10.86 -3.83 -16.41
3.44 -6.53 0.40
-0.23 -6.79 1.50
11.49 -5.57 -19.61
12.07 -3.57 -19.15
1.55 -15.33 13.52
0.96 -2.24 -6.70
12.13 -2.26 -19.61
8.78 -3.92 -12.39
0.74 -6.14 11.86
0.85 -2.78 -9.57
17.80 -1.09 -19.61
4.86 -8.12 -8.75
-2.04 -6.69 3.87
8.26 -4.31 -19.61
11.68 -3.76 -14.38
2.22 -6.55 3.21
0.78 -6.22 -3.06
3.20 1.34 -19.61
9.83 -7.09 -14.77
3.74 -2.30 6.66
2.09 -1.23 -16.83
11.25 -9.62 -16.54
5.54 -3.20 -0.79
4.23 -5.78 -4.18
4.11 2.18 -19.61
7.93 -5.41 -10.25
-0.00 -1.83 8.65
15.59 -5.14 -19.61
14.06 -2.95 -18.42
14.21 -10.04 19.61
8.46 0.00 -11.52
12.91 -1.81 -19.61
6.20 -7.28 19.61
6.00 -8.38 -3.26
13.75 -4.71 -2.68
4.52 -11.91 18.72
7.33 -8.07 -5.45
7.44 -3.95 -18.91
8.55 3.91 19.61
10.80 4.24 -19.61
11.74 -6.56 -19.61
9.82 -6.11 4.98
12.60 3.21 -19.61
19.61 3.52 19.61
0.26 -14.57 -19.61
10.85 -10.03 19.61
8.55 -4.81 -19.61
4.89 -7.51 -1.33
9.54 -2.35 7.03
18.56 -12.99 -19.61
9.13 -6.74 -2.00
6.10 -3.71 -19.61
6.48 1.35 12.32
11.12 -0.78 -19.61
19.61 -6.28 9.82
18.91 -19.61 -19.61
9.48 -1.94 1.77
15.74 -12.02 -19.61
9.52 -9.84 -13.60
10.01 -4.92 12.79
-2.21 18.48 -19.61
5.62 -6.06 8.58
12.08 -5.76 -17.71
8.34 -7.96 -12.70
11.14 -4.22 8.04
12.60 -4.07 -19.61
19.61 -9.25 19.61
5.94 -7.45 -19.61
15.09 3.29 -1.51
5.29 -2.59 -0.03
9.84 -6.00 -19.61
11.41 -7.64 -2.20
11.93 -2.03 -19.61
19.61 13.31 19.61
1.72 -12.64 -19.61
12.51 -0.09 -5.02
11.80 -9.54 -9.34
11.40 -9.75 -12.96
9.19 -9.50 4.34
12.68 0.06 -19.61
19.61 -15.15 19.61
9.46 -4.51 -19.61
8.39 0.60 1.68
7.91 -4.93 -17.31
11.37 -10.17 -14.22
12.79 -6.64 -6.01
7.10 -5.17 5.96
12.29 -1.48 16.21
8.15 0.48 -19.61
19.61 -2.49 19.61
5.08 -18.80 -19.61
9.94 -5.82 -10.37
6.02 -2.55 -1.21
12.06 -3.88 -17.84
6.49 18.88 6.30
3.04 6.96 -19.61
19.61 -10.63 17.30
16.73 3.34 -19.61
15.38 -10.46 -19.61
11.34 -5.91 6.23
10.14 -1.75 -19.61
19.61 1.26 19.61
11.11 -11.74 -19.61
13.17 -4.78 10.00
14.44 -12.86 -12.66
5.89 -4.76 -14.69
6.96 0.54 14.37
11.03 5.13 -19.61
17.28 -17.33 19.61
17.70 -0.31 -19.61
13.21 -7.64 -13.39
6.40 -7.01 -3.81
19.61 -4.46 -19.51
8.06 -15.99 19.61
12.82 -4.36 -8.15
11.12 -4.39 -14.04
8.73 -5.04 13.47
8.60 -3.62 -9.94
10.46 -3.22 -19.61
7.82 -4.15 7.06
3.10 -6.47 -4.87
12.54 -12.22 -18.16
1.87 -2.32 5.61
2.37 -7.91 -0.38
13.62 -7.29 -19.61
2.75 1.28 8.19
3.25 -6.75 -5.38
19.61 -2.54 -19.61
6.94 1.50 1.69
4.26 -7.57 -3.20
10.85 -6.04 -19.61
7.49 1.39 -0.62
4.06 -7.75 -4.16
8.85 3.30 -19.61
8.60 -2.34 -7.11
1.91 -8.68 -2.39
15.81 2.43 -19.61
10.09 -6.23 -18.84
9.04 -5.48 12.18
4.34 -4.25 -19.61
11.36 -2.70 -19.61
8.95 -2.33 19.61
-2.79 0.75 -18.20
4.43 3.28 -18.64
1.11 1.47 10.97
2.41 -6.92 -4.72
9.50 -6.56 -16.93
4.20 0.62 1.51
-0.01 -6.86 -3.48
8.42 -4.08 -19.61
12.30 -10.56 -8.69
2.59 -9.14 -0.53
10.25 8.68 -19.61
3.55 -4.05 -2.38
2.25 -9.40 -0.22
17.31 4.24 -19.61
6.25 -6.45 -11.53
1.41 -6.50 5.20
16.19 -19.61 -19.61
14.92 -7.26 -19.61
8.09 -2.29 14.42
3.99 -5.04 -19.61
8.55 -3.76 -19.19
