-2.37 -2.41 -0.54
4.58 -9.25 16.03
6.98 -9.01 9.96
9.63 -9.72 11.82
8.10 -10.26 10.41
-2.89 -3.98 2.88
3.31 -6.97 5.35
0.01 -7.05 -8.85
-1.47 -5.65 -0.12
-0.65 -6.52 10.87
8.44 -8.61 11.55
9.34 -6.11 6.71
6.41 -11.62 7.74
-1.94 -6.28 2.64
0.25 -5.10 1.72
-0.81 -4.86 -7.03
2.27 -4.31 -0.22
8.32 -16.62 12.10
14.63 -9.11 3.82
11.57 -6.53 3.96
5.14 -11.12 4.28
-1.29 -8.39 2.52
-4.16 -4.16 -0.08
3.26 -6.15 -8.27
1.32 -7.21 -5.36
2.31 -4.44 3.83
4.40 -6.02 8.79
11.06 -8.75 6.10
9.59 -14.54 8.09
-1.20 -7.02 4.13
-3.92 -5.93 2.13
-16.14 -19.61 19.61
1.41 -8.41 -5.00
0.68 -5.20 6.06
6.73 -11.11 9.63
12.96 -7.42 3.31
13.20 -11.23 8.67
2.77 -6.39 2.07
-1.13 -7.09 -0.54
0.34 -4.61 -7.56
-4.27 -7.49 -2.26
1.31 -6.32 2.97
5.07 -2.60 7.02
11.43 -9.24 8.33
15.26 -8.67 6.18
7.10 -8.92 2.05
1.13 -9.16 -2.54
3.28 -4.64 -0.96
-2.01 -5.15 -5.14
2.23 -5.14 -2.31
5.24 -7.02 8.10
12.76 -11.25 4.15
15.31 -11.05 5.01
3.77 -10.62 6.18
-3.17 -3.88 -2.10
2.29 -8.96 0.78
-0.41 -8.96 -6.08
-1.22 -3.28 -0.11
8.11 -7.16 3.96
14.38 -11.89 -0.84
12.72 -9.83 7.58
6.26 -10.94 3.27
-2.93 -3.86 0.56
-0.97 -5.54 -0.03
-0.91 -6.69 -3.07
-2.34 -4.84 2.26
4.05 -7.85 9.42
10.61 -10.05 3.85
17.02 -9.47 0.56
4.17 -11.91 1.78
-4.93 -1.78 1.70
1.38 -5.77 0.99
0.04 -7.58 -4.12
-1.93 -5.32 2.45
5.26 -12.45 8.69
11.60 -8.55 5.44
11.84 -11.39 6.24
2.39 -9.63 3.38
-1.74 -7.04 0.01
-1.19 -7.37 -1.78
-1.34 -8.76 -1.33
-1.65 -7.05 3.77
4.35 -8.67 6.15
16.53 -7.92 1.63
12.19 -11.44 3.27
-0.68 -10.55 3.79
1.60 -4.27 1.30
-1.59 -5.09 -5.12
1.81 -6.50 0.76
3.75 -7.77 8.73
12.47 -8.39 3.02
15.84 -13.03 5.11
2.36 -10.32 3.00
-3.70 -5.09 -0.55
-0.47 -3.50 -11.58
1.16 -5.69 -1.85
-2.64 -4.79 3.79
8.69 -13.01 8.13
16.78 -8.10 13.62
6.91 -10.86 3.44
-2.13 -7.95 5.53
-2.13 -3.75 -0.33
0.72 -6.96 -4.64
-2.14 -4.89 2.24
8.73 -19.61 10.59
10.28 -3.63 19.61
10.41 -11.87 6.69
-0.24 -8.05 3.96
2.84 -7.15 2.84
-0.24 -6.68 -7.46
1.93 -8.57 3.39
6.53 -8.71 7.09
10.28 -12.48 3.99
13.50 -13.59 7.16
-0.33 -9.28 6.42
-1.14 -5.33 2.54
-2.72 -10.53 -7.55
1.53 -5.01 -2.41
4.87 -7.78 8.61
12.54 -10.34 -0.90
14.49 -11.65 9.82
3.51 -11.95 2.66
-1.63 -2.90 -0.40
-3.71 -11.67 -18.65
-0.33 -2.21 -1.64
3.80 -3.28 6.38
16.38 -12.99 -6.29
12.58 -12.16 9.28
1.41 -9.01 1.73
-3.28 -5.93 0.42
-4.71 -14.85 -14.03
1.54 -4.84 3.53
5.18 -6.16 8.95
14.87 -8.57 4.46
10.99 -12.53 5.33
3.08 -9.51 2.20
-2.03 -3.24 -2.28
-1.33 -8.92 -6.04
0.60 -3.72 -0.86
7.28 -10.89 6.17
15.33 -9.31 3.78
11.46 -12.78 1.97
1.10 -10.50 4.80
-1.48 -1.47 -0.70
3.34 -6.41 -6.33
-0.44 -6.65 2.60
9.37 -15.90 10.48
19.61 -5.19 19.61
10.81 -15.13 5.30
-1.82 -8.29 1.34
4.76 -7.93 3.32
4.70 -6.64 -6.04
2.40 -5.39 6.77
7.94 -7.16 9.43
17.66 -1.58 15.10
10.66 -10.36 9.73
2.16 -8.43 -0.08
-0.41 -4.24 -10.28
1.67 -4.67 -1.33
6.88 -10.23 7.30
10.30 -9.43 4.95
12.79 -8.00 5.44
6.16 -11.78 4.55
0.13 -5.66 1.41
-1.83 -4.77 -6.67
-2.58 -3.70 1.52
1.63 -3.04 7.02
11.79 -10.33 5.17
17.45 -7.64 2.92
3.76 -14.60 8.98
-5.02 -1.40 0.56
-2.94 -10.24 -9.62
1.13 -3.26 0.69
1.57 -14.66 9.97
14.13 -9.27 -1.51
11.37 -10.21 7.32
2.33 -15.19 3.45
-0.58 -3.17 -0.08
-4.76 -19.61 -6.27
1.09 -5.50 0.39
3.06 -3.76 5.98
10.69 -18.63 -2.82
13.34 -12.65 2.87
2.62 -9.62 2.87
3.44 -1.78 1.34
5.82 -0.48 -8.26
-2.50 -6.82 4.16
4.62 -8.82 8.17
19.61 -13.08 9.30
9.72 -10.94 3.44
-2.24 -5.73 2.15
3.80 -15.62 -0.03
3.12 -6.57 -3.28
0.39 -3.67 1.60
13.52 -14.64 6.93
10.56 -11.14 16.72
6.96 -8.85 6.15
-0.96 -7.68 -2.37
5.04 -6.09 -5.26
-0.80 -4.62 -2.52
6.89 -17.67 8.10
12.41 -8.90 3.64
11.79 -11.84 3.95
2.66 -11.67 -2.21
-1.92 -5.05 -0.23
1.33 -5.53 -7.48
-0.36 -4.30 -0.94
-0.27 -6.41 5.31
10.93 -11.86 4.49
10.78 -13.64 10.23
-1.18 -14.16 2.65
-1.21 -4.85 0.81
-2.79 -8.19 -5.27
3.20 -3.36 -1.11
5.11 -6.44 4.28
16.67 -13.65 6.18
10.51 -14.14 7.57
-2.58 -5.42 2.98
1.38 -3.51 -1.15
1.57 -3.07 -7.38
-0.03 -2.95 0.84
7.00 -14.25 10.20
19.61 -19.61 11.23
6.11 -12.77 7.39
-3.09 -6.87 -0.99
7.51 -5.78 -3.17
1.51 -5.86 -5.63
0.02 -4.81 3.08
9.47 -11.58 7.61
13.89 -11.56 10.37
5.83 -11.70 8.01
-1.47 -2.48 -0.75
4.03 -3.88 -11.54
1.36 -7.53 -4.33
2.40 -3.22 5.28
17.08 -14.66 1.91
14.62 -9.98 6.84
3.91 -11.45 7.73
-2.48 -1.73 0.16
0.61 -5.96 -16.67
1.45 -5.54 -0.82
1.68 -5.38 9.67
9.52 -16.38 6.25
10.28 -13.99 9.02
-2.24 -7.53 4.39
0.16 -9.50 1.70
1.56 -5.23 -8.38
0.34 -3.34 -0.28
1.67 -13.40 12.72
10.60 -8.25 3.43
12.26 -13.48 5.35
-1.36 -10.87 1.63
-2.81 -2.76 -0.39
-8.09 -11.06 3.68
1.40 -3.26 -1.76
2.75 -9.50 7.32
9.67 -12.37 8.09
11.15 -12.82 6.71
-1.38 -10.76 4.21
-1.59 -4.05 -0.68
-0.72 -1.20 -0.64
2.13 -3.92 -1.50
-0.11 -9.93 10.55
12.62 -10.65 2.15
15.78 -8.19 7.90
3.77 -10.40 1.36
-2.62 -10.37 4.62
-3.02 -7.26 -2.92
0.00 -4.99 -4.40
1.34 -5.09 5.25
10.90 -12.98 7.28
18.08 -9.17 5.52
3.77 -13.68 3.75
-4.54 1.34 0.79
6.61 -1.33 -6.40
3.31 -5.94 -5.21
4.23 -5.05 6.17
12.17 -4.23 0.75
13.08 -14.55 5.76
1.32 -7.82 2.13
-0.26 -1.48 -1.02
-1.05 -4.83 -6.97
3.00 -2.72 -2.21
9.30 -9.05 9.24
18.53 -16.65 -2.70
11.63 -12.21 4.23
-2.90 -7.49 1.13
3.59 -3.57 -2.52
1.69 -2.56 -5.34
-0.33 -6.63 1.73
10.55 -12.88 6.32
19.61 -6.28 15.97
6.61 -14.10 8.29
-1.28 -6.86 -1.33
9.22 -6.99 -4.22
2.65 -4.58 -3.43
0.49 -5.29 2.59
11.06 -14.24 5.79
12.59 -8.38 8.73
5.51 -12.86 5.93
-5.52 -9.36 1.65
3.86 -4.83 0.30
1.60 -4.93 -7.86
-0.51 -3.08 0.57
5.96 -10.89 7.79
14.43 -12.55 1.92
10.15 -14.75 4.47
-1.38 -9.13 2.77
-6.58 -5.51 -1.45
-7.98 -11.89 15.78
1.97 -4.29 -1.49
-3.33 -5.94 9.27
10.24 -14.57 7.11
15.37 -10.59 4.08
-0.75 -6.81 11.39
-3.09 -5.09 1.37
3.31 -0.84 -10.39
4.30 -3.27 -3.45
-1.00 -6.60 6.33
14.36 -15.10 1.71
15.00 -9.73 6.62
4.61 -9.24 4.61
-3.86 -3.10 0.91
-19.61 -15.59 19.61
0.48 -5.24 -0.76
-5.19 -7.51 7.30
9.63 -14.08 6.27
11.61 -9.20 11.42
3.85 -10.89 8.31
-3.51 -6.72 -0.64
1.71 -4.64 0.07
3.16 -4.63 -7.81
0.71 -4.24 2.03
8.04 -12.75 9.55
15.91 -6.37 12.45
9.47 -11.48 4.46
-2.15 -6.73 -1.47
0.47 -4.42 2.19
2.91 -2.34 -6.64
-2.59 -4.63 2.34
6.81 -7.34 5.43
16.97 -5.34 14.29
8.05 -11.81 5.60
-2.63 -6.00 3.89
-0.45 -3.16 -1.28
-2.53 -11.99 -7.26
-1.78 -6.49 1.79
1.95 -6.40 10.48
12.21 -11.97 4.24
11.10 -11.78 8.70
3.03 -11.29 3.11
-3.36 -7.13 2.08
-0.56 -9.33 -6.70
1.43 -4.94 -0.82
7.38 -9.81 7.30
18.82 -11.63 5.03
11.60 -12.93 6.08
-3.05 -4.95 2.35
7.64 -2.72 -4.46
4.12 -4.96 -3.27
-0.38 -3.67 4.24
12.85 -9.54 5.35
14.28 -12.52 7.31
-0.52 -9.48 4.92
-1.86 -3.57 1.39
0.64 -2.74 -6.75
0.44 -3.32 -1.38
2.78 -12.70 7.76
12.89 -10.99 4.81
13.88 -14.48 7.10
0.67 -7.89 6.68
3.26 -4.64 3.47
1.05 -6.71 -9.11
1.42 -4.05 -1.56
2.27 -7.85 11.72
8.62 -16.14 6.45
13.59 -11.58 10.72
2.84 -9.56 4.61
-1.74 -5.44 1.33
4.94 -5.58 -12.46
2.06 -2.86 -1.00
2.27 -8.19 5.44
12.28 -3.18 -3.66
13.07 -11.83 9.84
4.26 -10.58 4.45
-1.57 -1.04 -1.11
3.27 -0.34 -17.55
3.10 -3.86 -3.50
2.57 -9.77 4.39
7.70 -3.15 11.88
13.28 -13.00 10.79
0.64 -5.08 4.91
0.73 -3.12 -0.07
3.48 -4.17 -9.33
1.69 -2.07 -0.40
6.74 -13.99 10.69
17.09 -8.12 7.50
8.18 -15.53 7.19
0.23 -10.90 -1.08
8.16 -2.57 -6.91
3.02 -2.55 -5.75
1.72 -6.19 5.03
12.32 -19.61 8.83
13.40 -11.13 5.21
1.38 -13.42 5.85
-2.72 -2.60 -0.33
4.31 -6.41 -6.75
1.84 -4.72 -2.79
0.34 -9.82 7.67
7.80 -13.48 10.33
14.62 -8.26 9.88
2.54 -7.03 8.08
-4.38 -5.36 -0.91
0.19 -2.96 -1.80
1.40 -5.19 -7.24
0.78 -3.84 1.62
13.08 -17.39 6.05
16.93 -15.49 19.61
8.20 -12.35 5.35
-0.39 -7.32 -1.65
4.83 -3.37 -5.92
2.53 -3.96 -3.97
3.27 -6.05 4.59
11.02 -13.70 7.91
13.79 -10.07 8.54
6.14 -10.26 7.61
-0.48 -2.55 -2.13
1.81 -1.77 -11.27
0.84 -4.42 -1.09
7.74 -6.33 3.95
19.50 -14.78 -9.90
13.32 -12.54 6.05
1.13 -10.01 2.61
3.64 -1.10 -2.95
3.82 -5.65 -8.49
1.53 -5.24 0.23
7.62 -12.97 9.24
19.61 -14.75 19.36
6.46 -13.26 12.04
-0.67 -3.68 -0.14
4.49 -4.39 -4.22
4.39 -5.38 -3.17
0.43 -5.60 5.41
14.00 -16.08 3.80
8.65 -5.79 6.28
7.48 -4.74 4.03
11.94 -7.65 10.87
5.16 -8.75 9.32
-1.79 -5.97 4.66
0.88 -0.06 1.46
-7.45 -2.93 4.37
-0.79 -5.90 1.98
-0.68 1.04 5.68
6.35 -10.02 8.63
10.67 -7.95 11.25
9.96 -15.59 10.19
-4.55 -3.88 4.25
-1.64 -2.64 3.07
-5.38 -7.63 -6.11
-6.03 -6.24 2.70
2.18 -0.76 -0.20
2.17 -11.47 6.78
12.05 -12.56 5.33
8.09 -9.70 5.11
4.42 -13.36 12.31
0.01 -3.83 3.28
3.57 -2.34 -3.57
-5.32 -6.80 2.29
0.32 -3.08 2.08
4.05 -9.30 5.75
14.10 -8.32 1.53
4.68 -7.61 1.91
13.03 -11.96 9.81
1.37 -9.49 -1.20
4.09 -5.31 3.44
-4.57 -6.40 -1.59
0.70 -9.25 0.53
0.04 -4.61 5.67
14.40 -19.61 7.92
7.99 -10.97 3.94
2.42 -13.33 8.18
-4.27 -5.59 7.65
0.31 -6.74 0.98
-6.39 -4.64 4.25
-1.03 -4.84 2.19
-2.61 -2.51 6.65
5.65 -13.89 3.27
17.44 -18.39 10.04
4.98 -15.02 6.61
-6.81 -4.65 5.52
5.16 -0.15 3.36
-8.38 -3.94 1.62
-1.10 -3.28 2.95
-2.55 -0.24 1.45
5.72 -15.12 3.17
10.39 -5.09 11.98
13.25 -10.38 -1.23
2.85 -13.14 6.45
-6.52 -4.28 4.57
-0.43 -4.62 -3.57
-6.64 -2.67 2.75
0.68 -2.42 1.36
-1.70 -8.13 9.45
8.21 -14.28 7.97
6.64 -8.47 -5.03
12.41 -13.48 10.14
-5.16 -10.84 7.94
-0.86 -3.80 7.98
-2.46 -9.06 1.35
-1.61 -4.69 2.17
-1.61 -2.46 1.96
3.69 -11.22 6.44
15.19 -3.59 19.61
8.08 -15.11 6.22
-3.00 -6.39 5.07
-0.21 -2.24 6.01
-7.07 -2.16 2.69
-3.81 -6.39 3.50
-0.63 -3.68 2.66
7.11 -14.13 8.68
11.55 -12.62 0.18
10.11 -14.97 12.70
-1.37 -6.44 9.18
-3.84 -2.53 4.10
-5.50 -9.08 0.53
-5.24 -5.60 3.55
0.05 -4.46 3.35
4.03 -10.52 10.34
6.01 -12.02 8.63
8.84 -10.84 0.34
9.49 -15.43 8.35
-5.17 -5.03 4.53
-3.86 -2.30 5.44
-5.80 -13.14 1.64
-6.04 -5.02 4.08
-1.23 -2.71 2.04
-0.40 -2.96 4.45
10.28 -13.09 5.53
5.89 -10.40 -2.74
11.02 -10.48 8.92
-0.95 -9.87 5.07
-2.61 -4.97 6.85
0.23 -2.09 -0.49
-5.81 -4.38 0.63
0.37 -3.20 1.35
2.51 -10.49 6.97
10.43 -15.17 5.67
5.91 -8.37 -2.44
10.47 -11.80 8.33
-0.48 -10.16 4.06
-5.64 -6.78 6.25
-1.47 -2.79 0.67
-5.62 -7.49 0.81
-1.66 -4.56 1.59
-0.06 -1.97 3.23
2.08 -17.48 5.16
10.74 -8.86 -1.20
9.78 -12.04 3.89
3.28 -10.08 4.73
-1.48 -12.49 4.23
-2.97 -3.43 3.49
-4.50 -3.92 -3.40
-0.59 -4.64 2.19
1.90 -5.64 5.70
11.91 -11.87 1.89
7.82 -6.47 -2.09
10.39 -8.27 9.55
5.12 -11.64 6.17
-2.13 0.38 7.71
-1.48 -1.50 2.11
-5.98 -4.39 5.31
0.18 -4.65 1.80
4.24 -3.96 9.25
13.80 -12.14 -5.32
9.32 -10.80 2.04
6.58 -12.11 8.11
-3.64 -6.42 6.60
1.72 -5.60 3.45
-5.09 -8.46 -0.78
0.89 -5.06 -0.45
2.44 -2.52 4.45
8.99 -15.82 3.38
10.95 -8.22 2.34
5.33 -12.45 7.29
-3.18 -5.23 5.05
2.14 -6.24 4.21
-4.67 -7.73 -3.71
1.49 -4.26 0.34
-0.28 -10.30 6.55
4.91 -13.04 3.29
17.32 -9.53 4.47
12.62 -14.49 6.36
-2.22 -9.41 5.35
-6.32 -7.38 5.73
-3.65 -3.49 -3.69
-2.28 -3.94 0.08
-0.05 -3.08 2.58
3.29 -11.70 5.69
18.31 0.26 17.11
10.31 -11.30 6.09
4.52 -12.85 6.26
-3.02 -4.30 2.50
2.14 -2.32 -2.56
-3.91 -7.34 -0.46
0.87 -5.57 2.32
5.61 -8.77 7.81
9.57 -14.09 1.66
13.07 -10.18 8.00
8.84 -13.21 8.67
0.38 -8.92 4.17
-6.08 -2.64 2.31
1.14 -6.85 2.48
-6.15 -5.48 0.83
1.01 -3.51 -0.67
2.71 -9.65 3.53
9.22 -14.94 1.95
9.78 -7.63 0.61
9.69 -14.42 7.27
-2.61 -8.04 6.97
-2.30 -4.04 3.25
-5.04 -4.55 -0.80
-5.33 -6.07 3.83
0.07 -4.44 1.55
1.49 -11.36 4.58
9.94 -9.12 -0.76
9.05 -7.19 -0.57
9.80 -12.00 6.26
-1.08 -7.33 5.14
-0.20 -6.99 4.30
-6.19 -10.82 -1.47
-4.34 -6.43 1.64
-0.13 -4.87 2.21
1.42 -11.13 8.38
11.20 -10.98 1.53
6.79 -8.27 0.97
8.22 -13.36 8.69
-2.74 -7.76 4.86
-6.16 -4.88 4.02
-3.36 -2.77 -4.40
-7.71 -3.59 4.66
0.15 -2.77 0.94
-2.15 -6.56 2.92
10.04 -12.52 3.45
2.23 -6.60 -0.79
9.47 -12.71 6.81
-1.71 -10.21 5.65
-4.65 -7.98 1.08
-0.64 -1.57 2.30
-6.79 -2.89 -0.01
-2.21 -6.05 -0.09
-0.30 -3.22 3.92
2.38 -17.38 5.82
9.41 -8.76 2.72
6.81 -9.10 0.42
5.86 -15.39 4.47
-4.58 -7.59 4.71
-2.57 -4.87 4.55
-5.10 -8.19 -2.55
-5.46 -5.14 2.53
-0.09 -3.91 1.28
0.53 -11.17 8.92
11.22 -10.95 1.30
6.82 -8.65 -1.88
13.12 -11.60 8.53
1.80 -11.46 4.85
-3.23 -6.41 2.84
0.61 -3.53 1.81
-6.25 -3.94 0.27
0.41 -4.09 0.18
0.52 -11.31 4.92
14.13 -13.00 1.92
9.84 -7.19 0.36
11.35 -12.39 6.01
0.95 -9.18 5.53
-2.94 -5.23 6.11
-1.38 -2.86 0.72
-6.56 -4.24 1.36
0.36 -5.81 0.62
4.31 -4.27 5.14
11.20 -16.52 3.38
7.95 -6.17 -1.20
9.49 -11.97 7.19
-0.92 -12.49 4.51
-4.68 -4.03 4.63
-2.82 -3.53 -3.23
-3.74 -4.10 0.11
-0.20 -4.46 2.07
2.47 -12.18 5.02
11.83 -9.86 1.07
9.85 -10.71 4.87
2.28 -15.34 7.72
-4.70 -6.43 2.94
-0.07 -6.42 2.35
-5.17 -5.01 0.05
1.32 -2.98 0.45
3.49 -10.19 10.79
10.09 -9.72 3.81
11.64 -13.26 3.38
2.07 -12.94 7.26
-0.64 -4.26 4.24
-1.00 -5.01 -1.35
-4.92 -6.79 2.89
0.40 -2.60 1.36
4.31 -8.75 4.78
8.23 -10.92 4.87
7.24 -6.95 -1.08
10.16 -11.30 8.68
-2.00 -9.48 6.94
-1.91 -5.49 3.85
-4.65 -10.89 0.25
-0.58 -4.55 1.21
0.33 -4.98 4.18
7.29 -10.80 5.62
5.85 7.99 19.61
11.81 -11.52 3.30
6.97 -13.26 5.41
-3.27 -4.34 4.62
2.06 -2.98 2.70
-5.26 -4.34 -0.74
0.01 -4.28 0.67
-0.90 -4.37 5.25
4.87 -8.79 3.40
12.23 -8.99 0.26
10.94 -10.07 1.86
4.77 -11.64 4.49
-3.46 -8.09 3.18
-0.19 -2.66 2.24
-2.94 -10.12 -2.17
-2.87 -7.97 1.06
0.11 -4.48 2.07
2.14 -5.78 8.78
9.05 -11.63 3.46
12.36 -2.25 9.50
9.92 -12.24 5.77
1.57 -10.08 3.77
-4.30 -6.34 1.55
3.72 -5.28 2.09
-5.72 -5.12 0.44
0.36 -4.31 -0.17
-0.35 -7.31 7.18
8.49 -10.13 6.40
11.58 -12.15 -0.74
7.46 -12.38 7.60
-1.47 -7.29 3.78
-4.18 -5.55 3.54
-1.49 -3.77 -1.08
-3.32 -6.03 1.78
-0.62 -5.42 2.75
1.98 -4.60 5.99
10.81 -11.18 -0.14
9.51 -11.49 4.66
9.34 -15.48 5.33
-1.17 -4.55 4.35
-3.54 -5.87 2.67
-5.83 -12.92 -4.13
-3.36 -6.79 1.65
0.57 -5.28 2.44
4.32 -10.64 4.42
11.61 -7.63 4.90
10.84 -8.44 2.39
6.96 -13.59 3.97
-3.39 -4.91 4.88
-3.75 -4.36 3.75
-6.83 -15.30 1.40
-0.39 -6.96 0.49
-0.82 -4.62 3.65
4.70 -9.33 3.23
12.67 -10.08 1.64
12.20 -7.42 6.05
3.86 -11.24 5.86
-4.42 -5.05 5.15
0.31 -1.25 1.49
-5.19 -8.88 0.03
0.11 -4.92 0.95
-1.64 -3.47 4.64
12.46 -18.40 4.33
10.70 -5.40 7.55
9.40 -12.49 4.24
1.77 -9.57 2.15
-3.39 -7.32 2.57
2.48 -5.42 1.48
-3.74 -4.09 -2.99
0.21 -4.95 -0.67
2.38 -3.74 5.66
7.93 -15.58 2.58
10.51 -7.40 2.43
10.08 -12.76 4.25
1.56 -12.06 4.34
-4.13 -5.12 2.55
1.10 -4.87 2.73
-5.96 -4.66 2.27
-0.34 -5.09 2.06
0.17 -6.68 8.44
11.42 -12.02 2.75
17.27 -14.05 0.09
6.24 -11.86 4.99
-1.86 -8.94 4.04
-4.54 -5.49 1.93
-1.49 -3.04 -3.00
-4.73 -5.86 0.37
1.07 -3.45 0.58
4.84 -10.68 9.86
10.35 -13.60 0.27
15.06 -4.90 7.53
11.13 -11.54 5.28
0.91 -11.52 3.14
-4.14 -6.24 -0.21
0.93 -2.60 -0.92
-3.96 -7.27 -1.65
-1.13 -3.30 0.72
3.98 -11.83 6.21
14.30 -8.27 -6.53
9.03 -9.14 1.65
5.36 -13.93 4.51
-3.94 -5.48 2.51
-2.49 -6.23 1.55
-5.28 -6.52 -5.29
1.08 -5.19 -0.64
-2.00 -6.79 6.56
8.03 -14.29 2.73
18.80 -4.51 19.61
7.09 -12.86 7.43
-0.73 -8.87 2.73
-0.89 -2.26 1.50
-0.49 -6.93 -5.25
1.71 -3.62 2.50
13.64 -15.06 3.13
16.14 -18.77 3.99
1.14 -12.69 5.27
2.88 -3.85 1.99
-2.93 -8.69 -4.68
1.25 -5.05 2.29
7.69 -16.01 2.85
15.71 -4.80 3.23
3.17 -11.74 3.78
-2.18 -4.64 4.30
3.86 -1.89 -7.87
3.49 -3.37 -1.44
3.29 -4.91 3.32
13.23 -11.34 0.77
15.30 -18.36 5.82
1.81 -8.78 2.95
-3.44 -4.23 2.62
-0.65 -3.57 -11.69
3.14 -3.81 0.96
4.98 -10.96 7.95
14.05 -9.66 5.24
10.15 -13.54 4.82
-1.38 -5.55 2.49
0.85 -0.56 0.52
1.67 -3.14 -5.81
0.11 -4.82 4.08
18.18 -19.61 -0.74
13.94 -9.10 3.82
6.27 -13.40 3.20
-4.25 -3.23 4.64
10.28 -6.47 -8.57
5.42 -2.46 -2.78
0.59 -6.62 6.60
13.94 -11.09 0.83
13.11 -12.74 9.66
0.55 -5.81 4.32
2.43 -5.43 2.59
0.82 -6.26 -8.51
0.67 -2.89 3.22
9.25 -15.12 10.10
19.61 -8.81 8.71
8.99 -13.04 3.89
-2.85 -0.59 3.31
-2.42 -2.97 -11.71
4.83 -1.47 -1.29
7.61 -12.22 5.14
15.40 -14.45 2.55
9.96 -15.01 6.49
-2.54 -3.36 1.32
7.98 -6.32 -2.38
4.68 -3.94 -3.26
4.79 -3.11 4.54
17.08 -14.90 5.26
11.11 -12.24 8.49
-0.05 -7.49 6.21
3.95 2.27 -11.90
5.94 -2.15 -1.83
6.79 -3.69 3.84
18.41 -18.68 -2.62
11.86 -12.00 10.43
-0.59 -6.04 5.13
2.57 0.86 -2.42
-0.17 -7.83 -3.99
1.53 -3.72 4.02
11.79 -16.79 6.99
17.90 -6.95 9.28
5.67 -11.98 5.07
-4.66 -6.29 3.69
2.16 -3.17 -1.62
-6.18 -7.73 0.95
-0.79 -7.00 -1.92
2.85 -3.86 5.32
8.23 -8.34 9.83
17.59 -9.64 12.51
6.57 -13.52 4.14
-3.95 -5.03 3.90
-3.45 -2.59 1.97
-5.96 -9.51 -4.93
-0.97 -5.95 -0.82
1.59 -3.60 4.82
10.42 -19.61 15.35
15.29 -10.65 9.13
6.89 -11.72 6.32
-2.71 -5.73 2.46
4.25 -3.83 -5.06
0.48 -2.97 -2.01
0.90 -4.52 5.51
10.51 -8.60 4.71
19.61 -15.68 8.99
7.06 -6.91 0.28
-3.73 -5.51 3.28
0.95 -2.29 -8.88
2.63 -4.69 -0.48
5.09 -6.14 3.14
16.11 -13.38 0.86
8.83 -19.61 10.13
-0.64 -6.74 6.03
-5.21 -6.01 1.94
-3.62 -5.73 -5.69
2.21 -4.25 -0.50
2.30 -8.02 8.33
13.11 -13.37 4.02
15.07 -12.37 1.57
5.49 -12.53 5.95
-3.73 -3.91 2.21
4.05 -3.70 -3.34
1.23 -4.79 -1.56
2.28 -10.10 4.42
15.03 -13.76 4.53
17.75 -6.63 5.67
2.87 -13.13 -2.00
-3.58 -9.31 0.23
-1.83 -16.90 4.60
-3.45 -11.91 6.69
-5.21 -15.32 -0.63
-2.11 -11.39 -2.25
-0.91 -8.97 5.00
8.63 -19.61 7.69
16.56 -19.61 -10.88
2.46 -19.61 6.15
-2.72 -17.43 7.71
-0.36 -12.39 2.00
-9.91 -12.91 -1.09
-0.96 -9.31 -0.42
3.24 -19.61 5.63
9.80 -19.61 5.39
9.07 -19.61 4.77
-1.33 -17.69 3.47
-3.75 -13.25 2.17
-11.87 -16.61 -5.14
-3.85 -11.24 -0.94
-1.44 -11.05 3.65
4.99 -19.61 8.84
5.21 -15.42 1.91
1.95 -19.61 8.83
-6.74 -9.72 6.43
-2.84 -10.78 1.24
-9.34 -10.14 -0.22
-2.42 -10.99 -0.32
1.11 -17.47 4.14
7.40 -18.94 -2.57
7.21 -18.87 1.81
-2.79 -16.45 7.36
-5.58 -14.32 2.66
0.81 -10.16 -1.63
-2.79 -14.06 -1.88
-1.49 -8.72 2.45
6.23 -18.52 -10.08
14.63 -19.61 -8.36
9.31 -19.61 3.38
0.61 -16.13 2.93
7.73 -14.74 3.90
-6.49 -18.96 -5.82
-2.09 -11.19 -2.48
1.15 -14.41 3.51
7.22 -19.61 2.17
12.15 -19.61 2.48
-2.53 -19.61 6.89
-3.81 -15.26 3.45
-9.60 -16.83 2.17
-8.04 -13.75 2.92
-1.03 -7.68 0.27
8.01 -17.05 5.70
5.05 -15.72 4.18
8.44 -19.61 0.62
-1.38 -17.43 3.90
-6.32 -14.35 3.58
-4.60 -8.63 -3.73
-7.47 -14.83 0.25
-1.63 -11.89 -0.26
1.93 -14.97 4.74
10.66 -17.46 -2.84
6.22 -17.47 -3.99
6.12 -18.76 4.16
-5.60 -13.87 3.51
-4.64 -11.23 1.55
-8.55 -19.61 1.31
-2.35 -13.08 0.85
-1.74 -11.76 3.78
6.08 -19.61 1.47
10.30 -14.27 2.03
9.84 -19.61 3.13
-0.34 -15.72 4.50
-4.39 -13.11 2.21
-5.01 -13.91 -1.28
-5.73 -14.37 1.53
-1.68 -8.97 -0.42
5.32 -19.61 4.79
12.35 -14.51 7.69
7.37 -19.61 4.13
-4.06 -11.93 5.20
-1.92 -8.94 -0.59
-8.95 -16.56 -3.31
-2.67 -11.39 -1.15
0.86 -12.85 5.16
9.23 -18.85 -1.01
11.86 -19.61 3.08
-1.07 -13.57 5.05
-0.66 -9.83 -2.21
-1.22 -10.42 -7.08
1.61 -15.47 1.55
13.53 -19.61 -8.87
12.09 -19.61 2.69
-3.50 -11.39 1.41
3.46 -8.85 -5.18
2.20 -10.07 -4.19
4.39 -19.06 3.80
11.90 -19.39 -2.63
11.63 -19.61 -3.23
-6.39 -13.11 2.11
4.06 -12.28 -1.12
1.50 -8.58 -7.10
2.09 -16.26 -0.34
16.59 -19.61 7.26
8.15 -19.61 0.82
-4.10 -15.54 1.10
-0.06 -11.31 -2.45
1.59 -8.49 -3.64
0.14 -13.22 3.03
10.61 -19.61 -13.78
11.26 -19.61 0.60
-2.03 -19.61 6.22
-5.55 -8.67 -0.77
-8.47 -19.61 -1.13
-1.38 -9.43 -0.55
10.98 -19.61 -5.03
10.27 -17.01 0.27
4.94 -17.58 -0.05
-6.90 -10.74 2.99
2.16 -14.92 -5.87
1.55 -13.91 -3.57
1.79 -11.04 0.20
19.61 -11.16 19.61
7.26 -19.61 2.15
-4.44 -15.88 4.93
-3.95 -9.91 1.78
-3.87 -10.55 -9.54
-0.10 -12.83 1.03
9.47 -17.13 3.17
12.84 -18.01 0.95
0.73 -19.61 5.76
-2.91 -11.26 2.26
-10.31 -19.61 -9.51
0.76 -9.59 -2.68
16.42 -19.61 3.74
19.61 -17.85 7.64
0.94 -18.96 4.94
-4.77 -12.80 5.54
0.34 -7.81 -8.95
1.89 -11.27 -7.17
4.13 -15.80 2.05
17.19 -19.61 3.25
7.11 -19.61 1.52
-3.34 -13.59 4.32
-1.36 -8.04 -1.84
-2.87 -13.95 -3.09
-0.27 -12.46 3.99
10.70 -19.61 3.19
9.88 -19.61 3.91
-3.00 -17.00 6.07
-5.72 -9.01 1.88
-9.51 -19.23 -2.83
-0.72 -12.12 -1.68
1.63 -14.44 6.75
15.34 -19.61 -4.19
8.08 -19.61 4.02
1.35 -17.54 6.34
-6.29 -13.59 4.55
-7.58 -11.80 -3.88
-10.08 -12.80 2.64
-0.38 -11.26 0.92
2.09 -19.61 6.46
13.83 -19.61 -1.89
8.22 -17.02 3.57
-0.05 -19.61 4.94
-6.65 -11.88 1.83
-2.25 -13.31 0.97
-9.45 -11.64 0.93
-3.05 -12.45 -0.80
0.69 -9.79 5.39
8.44 -19.61 -3.11
3.91 -11.38 0.69
5.04 -19.61 3.07
-5.94 -13.76 5.41
-8.60 -12.70 1.38
-8.09 -15.99 -3.65
-2.62 -10.74 -0.79
-1.16 -13.48 3.87
16.10 -19.61 13.05
5.60 -16.36 -3.73
2.21 -19.61 6.66
-6.28 -12.82 4.64
-3.09 -9.11 2.65
-7.65 -12.26 -5.47
-1.54 -10.93 -1.64
3.93 -17.85 8.59
9.02 -16.31 4.86
9.76 -19.61 0.23
-0.62 -17.38 4.17
-5.69 -14.74 2.48
-5.08 -12.67 -1.67
-6.33 -14.57 -1.65
-2.76 -10.69 1.19
4.59 -19.24 4.70
7.92 -17.09 4.60
7.82 -19.61 -0.49
-0.95 -17.77 3.96
-8.55 -12.85 4.08
-0.83 -13.68 -1.52
-5.82 -13.32 -1.93
-1.37 -12.02 2.92
3.44 -16.88 4.94
8.17 -18.86 0.02
8.47 -19.61 1.04
-3.74 -15.33 5.10
-7.12 -12.00 5.30
-2.83 -7.86 -3.76
-7.62 -11.94 0.39
-1.77 -13.19 1.02
3.89 -14.83 7.69
7.19 -19.37 4.84
7.19 -19.61 4.46
1.35 -17.49 5.06
-5.85 -14.21 4.52
-1.81 -9.53 -2.32
-8.26 -12.26 4.86
-2.20 -12.61 0.97
3.41 -15.68 6.43
7.70 -19.61 4.27
5.30 -19.61 1.30
1.60 -16.66 1.00
-3.82 -17.93 2.22
-0.39 -13.40 2.77
-7.13 -11.91 -5.75
-2.20 -12.22 0.38
0.64 -10.40 7.93
9.10 -19.61 5.42
5.01 -16.09 0.98
2.31 -19.58 5.74
-4.02 -16.68 5.14
-0.49 -11.37 7.70
-7.33 -15.24 -3.21
-3.96 -12.87 0.82
-0.17 -11.23 3.29
9.59 -19.54 -1.27
7.95 -15.08 -6.30
5.34 -19.61 3.53
-4.96 -13.91 5.13
-8.20 -11.92 4.40
-5.69 -11.05 -3.31
-7.50 -13.12 -2.64
-1.50 -10.81 -0.09
2.37 -17.30 6.55
8.04 -15.02 -2.73
5.98 -19.61 0.97
0.35 -19.05 4.49
-6.65 -12.71 4.87
-5.58 -12.70 2.04
-7.91 -14.86 -6.68
-3.98 -12.36 -1.18
-2.85 -11.94 3.29
9.65 -19.61 -2.63
8.37 -17.34 -0.44
4.51 -19.61 2.22
-4.99 -12.59 5.76
-4.46 -13.20 2.56
-7.40 -18.45 -1.49
-2.53 -13.55 0.18
0.03 -12.03 6.50
9.61 -19.61 -1.61
5.27 -17.12 -2.93
2.60 -19.61 0.55
-6.26 -15.43 6.12
-0.79 -15.06 1.78
-6.06 -9.11 -6.31
-0.82 -11.35 -0.39
2.27 -18.56 2.28
7.97 -12.34 3.00
9.11 -19.61 -1.54
-0.75 -15.32 7.40
-6.45 -14.10 4.61
-4.11 -11.99 1.27
-6.92 -12.27 -6.57
-1.12 -13.23 0.82
3.43 -19.32 1.94
10.52 -15.40 0.36
8.42 -19.61 -0.21
2.47 -19.61 6.03
-5.95 -12.60 3.44
-3.17 -11.03 -0.04
-9.08 -14.61 -3.09
-1.68 -12.60 -1.06
1.30 -16.32 5.04
14.90 -19.61 -11.22
5.90 -14.72 -2.59
5.50 -19.29 5.85
-5.25 -12.38 4.33
-7.58 -14.29 0.60
-10.29 -19.61 -2.34
-2.26 -11.35 -0.97
-0.86 -16.61 2.81
11.73 -19.61 -2.73
4.10 -14.48 -1.04
5.19 -18.80 4.49
-6.78 -12.59 2.23
-6.56 -13.65 -0.47
-8.27 -16.41 -4.01
-2.47 -12.23 -0.78
1.25 -18.46 3.23
11.38 -19.46 0.06
2.38 -12.19 -1.45
9.32 -18.84 4.58
-3.58 -16.70 4.21
-7.68 -11.90 1.36
-4.98 -12.10 -0.47
-4.44 -13.17 -3.41
-2.66 -13.06 0.57
7.21 -19.61 -0.35
17.28 -19.41 8.42
7.36 -18.63 4.10
-4.76 -13.47 2.40
-0.57 -11.88 3.95
-5.61 -12.78 -5.91
-2.68 -13.23 1.18
1.96 -13.94 3.97
6.95 -15.46 6.06
7.63 -17.57 -1.33
2.49 -19.61 3.90
-9.16 -12.33 6.39
-4.19 -11.25 3.35
-6.81 -16.71 -4.97
-3.37 -10.99 1.08
-1.98 -12.61 6.23
10.26 -19.61 -7.17
9.77 -19.61 -4.80
7.05 -19.61 1.40
-0.41 -18.17 6.84
-7.48 -13.83 3.61
0.80 -12.67 0.17
-5.12 -10.98 -3.85
-3.53 -12.96 1.87
3.25 -17.45 3.67
9.91 -16.47 -2.12
5.66 -16.03 -2.01
4.25 -17.82 10.35
-6.62 -14.31 5.58
-3.31 -11.28 0.69
-7.10 -12.69 -4.21
-2.90 -10.63 1.07
3.35 -19.61 3.71
9.33 -19.61 0.45
2.67 -15.52 -3.98
12.36 -19.61 1.85
-1.37 -15.94 4.29
-4.51 -12.00 1.08
-10.53 -19.61 -3.34
-4.01 -13.57 -1.88
-0.43 -16.53 4.98
9.87 -19.61 -4.74
6.40 -16.95 4.99
3.64 -17.54 0.25
-4.97 -13.36 6.36
-3.09 -9.97 -0.13
-9.00 -19.26 -4.87
-1.80 -12.78 1.17
0.74 -15.10 6.44
6.35 -17.72 0.92
6.77 -17.54 0.34
4.63 -19.32 4.40
-6.21 -13.64 6.44
-4.36 -11.21 2.95
-8.20 -15.11 -3.70
-2.55 -14.90 -0.06
-4.15 -10.22 5.23
8.19 -19.61 0.48
6.77 -14.67 0.64
8.55 -19.61 0.79
-0.76 -18.01 4.66
-6.35 -13.66 5.44
-0.46 -12.41 0.68
-5.69 -13.56 -7.29
-1.82 -12.87 1.27
3.02 -16.36 6.75
8.47 -19.61 -0.28
10.00 -19.61 1.00
2.67 -18.93 5.16
-10.21 -11.22 5.88
1.64 -12.44 -2.08
-4.52 -12.28 -0.92
-3.08 -13.15 3.96
4.06 -19.61 4.53
10.19 -16.09 -2.05
8.51 -19.61 1.59
0.77 -17.46 5.98
-6.92 -15.43 -0.89
-2.04 -11.64 -2.03
-3.67 -13.70 -2.47
-4.12 -11.92 3.01
5.78 -19.61 3.92
8.47 -16.84 1.08
9.77 -19.61 0.16
-1.98 -15.23 4.50
-4.71 -17.67 2.83
-1.77 -9.33 -3.76
-4.13 -10.96 -3.18
-1.90 -12.45 1.77
5.08 -19.61 3.65
7.52 -15.77 2.64
9.82 -19.61 -0.34
1.92 -16.62 1.93
-6.81 -16.88 4.73
-0.67 -12.52 -2.52
-3.71 -11.68 -3.50
-2.25 -13.18 2.55
9.79 -19.61 2.72
7.28 -14.30 4.99
8.37 -19.61 0.86
-1.29 -15.91 5.30
-6.45 -14.74 2.34
0.17 -13.60 -0.40
-4.26 -12.61 -3.18
-3.56 -12.36 2.02
3.96 -19.31 1.55
9.57 -17.41 -4.86
8.99 -19.35 -0.52
-0.04 -18.06 3.63
-6.65 -15.42 5.15
-2.65 -14.20 1.33
-5.10 -10.30 -7.77
-3.23 -11.93 0.50
0.07 -19.61 4.63
13.04 -19.61 -4.77
6.73 -14.79 -1.58
0.89 -18.36 10.77
-5.43 -16.44 5.28
-1.71 -10.56 2.64
-7.93 -11.89 -3.58
-4.10 -11.28 0.58
3.43 -19.61 5.78
6.34 -16.33 1.36
10.29 -19.61 -0.47
1.67 -17.18 3.60
-7.31 -11.62 5.14
-0.30 -7.79 2.78
-6.45 -13.65 2.44
-3.92 -10.33 2.31
4.02 -18.81 9.63
8.72 -18.39 -1.03
10.37 -18.93 -2.50
2.30 -19.09 4.81
-6.82 -13.35 4.36
-0.23 -9.71 3.11
-8.18 -11.05 3.66
-3.74 -12.20 2.14
-2.72 -12.56 4.88
1.22 -15.30 4.34
9.46 -14.89 -1.59
8.11 -19.61 0.05
1.53 -18.00 4.50
-9.39 -13.68 4.77
2.12 -10.75 -0.21
-7.22 -12.23 4.66
-4.14 -10.32 1.40
-2.50 -10.58 8.36
8.78 -19.61 -0.25
9.52 -18.95 -0.38
3.39 -16.71 4.93
-3.49 -16.55 5.99
-0.39 -12.90 4.79
-7.48 -8.32 -1.41
-4.29 -15.28 -1.46
-3.74 -11.50 3.21
3.66 -18.03 2.83
8.80 -18.12 -5.46
3.28 -15.53 -1.81
6.24 -19.37 3.06
-5.36 -13.92 4.18
-3.94 -13.57 4.04
-8.82 -15.46 -5.57
-4.41 -13.58 1.13
-3.13 -15.03 4.14
3.48 -19.56 3.48
11.89 -15.70 2.33
9.36 -19.61 0.09
0.72 -16.06 4.24
-7.15 -16.90 2.27
-5.86 -8.96 -10.06
-4.28 -13.32 -1.04
-1.19 -11.94 3.44
3.42 -18.97 5.67
11.17 -12.83 5.15
8.87 -19.61 0.08
-1.13 -19.61 2.79
-7.65 -13.85 3.09
0.36 -12.68 -4.35
-3.90 -13.75 -1.24
-2.51 -12.36 2.88
1.46 -16.02 6.11
8.15 -17.83 -1.97
8.77 -19.61 -1.50
2.31 -18.09 -1.41
-7.06 -11.88 5.15
-0.71 -12.95 1.39
-6.29 -14.53 -3.32
-4.87 -13.19 0.99
0.13 -16.85 4.83
8.47 -19.61 -1.54
5.51 -15.37 -3.94
4.17 -19.48 2.00
-6.17 -13.26 3.82
-6.41 -12.08 2.52
-7.40 -11.01 -11.11
-3.38 -10.57 -0.52
-3.61 -12.67 3.28
8.00 -19.61 -1.42
14.21 -17.32 4.17
9.07 -19.61 -0.50
-1.02 -17.60 2.69
-7.73 -13.68 3.16
-1.20 -13.38 -0.03
-5.04 -11.67 -1.99
-4.64 -10.69 0.56
4.09 -19.61 2.97
6.95 -16.27 -1.35
10.09 -18.04 0.96
-1.17 -17.01 3.61
-7.10 -12.08 5.51
-1.24 -13.06 3.73
-8.44 -10.28 -1.00
-2.62 -12.53 -0.39
2.04 -19.61 6.90
7.08 -17.55 -0.87
8.61 -19.11 1.73
1.29 -19.58 6.82
-5.70 -14.82 3.87
-4.15 -14.18 1.15
-6.27 -13.16 -4.42
-4.19 -12.51 2.49
4.16 -19.61 3.38
9.09 -18.46 -1.37
9.03 -19.61 2.57
-3.63 -14.42 2.64
-8.06 -14.30 1.46
-8.08 -11.88 -11.36
-0.89 -12.35 -1.33
1.24 -14.89 4.29
13.06 -19.61 -0.45
11.65 -19.61 8.84
-0.17 -18.33 7.66
-4.94 -12.21 3.28
-11.81 -18.13 -16.54
-1.00 -11.40 1.45
2.13 -14.66 3.48
13.20 -15.83 13.26
4.43 -19.61 3.60
-6.18 -12.25 2.43
-2.14 -6.68 -13.44
1.29 -12.74 -1.04
4.49 -19.61 6.07
19.61 -19.61 15.99
3.62 -18.74 3.07
-7.02 -13.69 6.14
5.28 -15.04 -4.26
0.18 -10.02 -2.24
0.16 -15.97 4.83
5.89 -14.14 1.79
13.64 -19.61 -0.06
-0.86 -16.06 1.39
-5.46 -10.46 0.87
-9.34 -19.61 -2.59
-3.64 -11.48 0.18
2.24 -19.59 6.66
9.93 -19.61 3.02
12.03 -19.61 3.16
-5.81 -13.83 4.42
3.27 -10.29 0.73
-2.24 -11.45 -4.91
-3.86 -13.77 4.23
10.04 -19.61 -0.71
19.61 -19.61 13.79
5.94 -19.58 2.27
-6.60 -13.58 2.95
-0.38 -9.11 -0.59
-6.34 -11.89 -4.79
-2.93 -12.90 -0.07
3.27 -19.61 7.22
7.24 -15.36 1.40
2.88 -15.51 -2.08
9.12 -19.61 5.73
-4.63 -13.44 2.67
-4.02 -12.30 3.14
-7.68 -19.61 -3.55
-3.67 -12.46 0.52
-1.76 -17.17 7.46
8.80 -18.09 4.41
5.44 -17.71 5.55
3.66 -19.61 4.08
-8.06 -15.98 3.75
6.92 -12.82 7.60
6.96 -19.61 -2.36
11.72 -19.61 4.99
-4.18 -12.97 5.26
-0.56 -10.70 6.18
-9.85 -19.61 -2.67
-0.18 -11.11 1.48
3.22 -15.14 5.99
5.58 -19.61 -2.78
9.20 -19.61 4.41
-4.71 -17.07 4.00
-1.23 -9.70 3.43
-5.82 -16.59 -7.19
-0.39 -8.53 0.67
5.50 -19.61 6.19
12.14 -19.61 18.59
4.00 -19.61 0.01
-3.24 -7.63 6.18
-3.69 -11.34 2.93
-10.67 -19.01 -7.94
-1.25 -10.97 -1.79
3.75 -17.07 4.76
7.07 -19.61 0.35
6.47 -19.61 1.38
-0.39 -16.84 1.64
-4.71 -13.48 2.47
-5.02 -6.85 -9.25
-0.35 -10.98 -4.96
1.12 -17.04 5.26
8.67 -19.61 3.13
7.85 -19.61 0.45
-0.06 -17.28 0.67
-5.19 -14.56 3.52
-7.21 -12.58 -6.09
-1.81 -12.95 -2.35
1.61 -12.30 2.77
6.85 -19.61 -0.01
8.62 -19.61 2.24
-0.06 -16.21 3.63
-1.58 -11.65 1.94
-7.32 -17.80 -4.60
-0.70 -9.98 0.98
6.40 -19.61 2.93
19.28 -19.61 17.87
4.00 -19.61 1.40
-4.44 -11.37 5.93
-0.79 -12.99 1.20
-3.71 -10.62 -6.03
0.05 -11.23 2.69
5.15 -19.15 4.70
15.40 -18.63 13.53
3.30 -19.61 0.59
-4.47 -15.66 2.77
-0.02 -11.49 0.74
-4.36 -13.50 -10.60
-1.88 -10.57 1.30
6.64 -19.61 4.21
9.39 -18.86 4.50
6.80 -19.61 0.22
-0.67 -16.86 2.22
-0.12 -15.51 1.33
-9.41 -17.85 -3.69
-0.28 -13.44 0.41
4.94 -17.57 3.26
7.26 -19.28 1.88
9.13 -19.61 2.15
-0.61 -19.61 1.36
-2.67 -13.57 1.96
-11.17 -16.99 -5.08
-1.61 -11.53 -1.73
3.23 -15.31 3.12
8.01 -19.20 -0.48
9.18 -19.61 3.90
0.28 -18.29 2.89
-5.52 -13.59 3.67
-10.34 -10.59 -3.44
-8.91 -13.75 0.16
-0.83 -10.12 -1.86
5.23 -18.22 6.95
8.10 -18.64 -5.34
-0.39 -15.33 -5.71
7.55 -19.61 2.02
-1.23 -14.65 7.29
-3.56 -11.42 2.94
-2.81 -12.99 -0.14
-8.49 -14.96 5.75
-5.85 -13.77 0.30
-1.01 -14.01 5.23
5.19 -19.61 1.32
3.99 -16.51 0.72
2.96 -17.91 -1.70
-2.58 -19.61 4.29
-3.91 -15.69 5.22
-0.45 -10.18 0.92
-10.42 -8.86 5.29
-4.42 -10.97 0.03
-3.89 -11.71 2.26
4.04 -18.68 2.10
5.45 -19.61 -1.02
6.10 -19.61 1.17
4.44 -19.61 1.80
-5.04 -14.05 5.07
-2.29 -6.96 0.45
-9.23 -10.08 4.47
-3.94 -12.27 1.06
-3.22 -12.31 5.10
3.67 -19.61 -1.94
5.17 -19.45 -0.29
5.32 -18.86 -0.97
3.22 -19.20 2.43
-5.50 -14.15 3.77
-5.15 -12.86 3.02
-10.30 -19.61 3.20
-7.70 -13.39 1.87
-3.68 -12.43 1.76
0.81 -15.33 5.25
2.03 -19.61 1.53
0.69 -15.45 -2.30
9.48 -19.61 0.67
-0.11 -19.21 -0.17
-5.93 -15.67 3.10
-5.05 -12.60 1.51
-8.44 -12.50 -4.19
-3.55 -11.65 -0.12
0.21 -15.65 6.33
2.63 -18.35 2.69
5.27 -19.01 -1.22
3.86 -17.65 -1.06
2.60 -19.61 0.41
-5.99 -13.69 6.84
-6.57 -12.71 2.08
-6.41 -14.98 -3.23
-7.20 -12.95 -0.67
-1.38 -11.47 1.82
6.92 -19.61 4.74
4.86 -17.81 0.29
4.35 -18.01 0.10
4.59 -16.53 3.37
-5.05 -13.45 2.92
-1.77 -11.38 0.05
-7.19 -13.55 1.01
-3.52 -13.12 0.80
-0.26 -13.37 7.87
2.87 -19.03 4.16
5.32 -17.33 -2.55
7.24 -19.61 -1.03
-0.03 -18.53 3.07
-5.90 -14.64 2.55
-3.81 -10.54 -1.35
-7.58 -12.51 -4.75
-4.16 -12.09 -0.76
-0.10 -16.02 5.30
4.85 -19.61 1.55
13.39 -19.61 13.94
5.47 -19.61 -1.40
-1.20 -17.58 0.99
-7.27 -15.09 4.79
-1.91 -11.04 5.91
-9.14 -11.00 2.09
-2.21 -13.34 -1.74
-0.96 -15.41 5.86
7.36 -19.61 -1.52
9.24 -19.61 2.18
9.02 -19.61 2.62
0.32 -19.30 2.00
-5.50 -12.27 0.58
0.70 -14.38 -0.06
-5.24 -13.36 -0.91
-2.24 -14.69 1.78
1.62 -15.86 0.14
9.16 -19.61 -2.81
3.64 -15.89 -1.19
8.45 -18.43 1.87
-1.73 -17.58 2.19
-6.56 -15.90 3.05
2.86 -16.49 -0.67
-6.90 -10.62 -0.25
-2.44 -14.42 0.81
-0.12 -19.61 3.79
8.61 -19.61 3.63
3.57 -15.05 -2.48
6.34 -19.22 2.37
-2.37 -17.76 2.27
-4.09 -15.27 2.21
-7.50 -15.85 -16.82
-2.37 -10.69 -1.66
-1.07 -16.59 5.15
11.78 -19.61 2.77
8.91 -11.52 18.42
7.00 -18.20 0.68
0.43 -18.35 1.32
-8.28 -11.55 3.44
-0.03 -13.21 2.22
-6.81 -10.41 -4.44
-3.02 -10.85 -1.88
2.61 -19.61 3.47
5.83 -19.61 -12.53
3.67 -15.27 0.82
5.45 -18.97 3.23
-5.42 -16.60 2.86
-10.28 -10.62 0.34
-11.44 -17.02 -2.79
-3.09 -12.04 -1.58
-2.68 -15.56 4.47
7.02 -18.08 -8.67
9.25 -13.65 0.51
8.46 -19.61 1.32
-0.88 -17.84 2.76
-7.98 -11.85 3.65
-0.22 -6.57 -6.61
-4.67 -12.98 -1.77
-4.59 -15.08 0.99
1.61 -18.97 1.27
8.83 -14.83 3.05
4.93 -15.43 -0.38
4.96 -18.29 3.48
-7.08 -13.07 2.28
-5.69 -13.70 1.45
-10.20 -14.47 -6.89
-2.76 -13.10 -0.44
-2.68 -18.22 6.82
-0.63 -17.47 2.82
7.20 -15.00 -1.35
7.58 -19.61 2.32
0.33 -17.72 5.05
-5.10 -11.92 2.33
-1.31 -13.61 1.13
-6.06 -10.24 -5.20
-3.09 -14.23 1.86
1.38 -19.61 5.63
4.83 -19.56 3.80
11.47 -19.61 -0.22
2.54 -18.37 2.67
-3.81 -11.48 1.41
-6.72 -11.56 -0.01
-9.08 -16.46 -4.99
-3.77 -13.32 -0.21
0.21 -14.75 3.25
8.41 -19.61 0.44
3.73 -12.33 -3.91
7.52 -19.61 2.51
-6.37 -11.45 3.69
-5.52 -12.92 0.74
-9.73 -18.56 -2.14
-1.11 -12.97 0.63
-0.93 -15.64 3.40
3.72 -17.50 -2.64
6.73 -18.94 -1.87
4.07 -18.39 4.30
-7.01 -12.74 5.00
2.11 -12.06 1.33
-6.45 -14.27 -6.35
-2.87 -13.60 2.24
3.09 -19.61 4.25
9.50 -15.03 0.25
11.41 -19.61 1.30
1.73 -18.52 3.02
-5.88 -16.62 2.17
-3.07 -8.90 -11.78
-0.44 -11.89 -1.31
0.76 -15.42 7.86
5.73 -19.61 -2.29
16.57 -14.53 14.12
7.17 -19.61 1.74
-4.81 -15.42 3.18
-3.29 -14.47 3.82
-4.64 -14.86 -3.85
-1.66 -12.74 -1.67
-2.50 -16.96 4.40
5.62 -19.61 1.76
1.98 -12.97 0.14
8.72 -19.61 1.23
-3.53 -16.80 3.14
-6.40 -12.35 2.60
-6.32 -12.02 -11.39
-2.32 -11.78 -1.81
