4.27 -7.09 -2.09
3.32 -6.48 -0.28
6.51 -8.94 -0.23
4.55 -5.88 1.25
4.44 -7.98 1.32
3.79 -11.03 3.07
4.58 -9.66 1.42
7.42 -13.24 -2.65
1.10 -2.35 1.72
4.27 -13.37 3.72
4.94 -15.32 -0.57
3.92 -6.73 1.32
6.01 -7.65 2.76
4.66 -8.63 2.35
7.93 -8.76 1.94
4.08 -12.58 -0.20
3.80 -4.96 -0.45
0.85 -11.83 6.53
0.22 -7.42 2.80
9.42 -13.16 -0.03
2.02 -4.00 1.31
7.63 -5.17 6.65
4.23 -2.63 3.44
7.98 -5.69 2.16
10.58 -12.48 4.73
1.12 -3.51 2.23
6.58 -11.97 1.19
5.33 -11.35 1.81
4.16 -6.49 2.17
4.81 -7.22 4.02
3.89 -11.38 8.74
5.39 -7.79 5.94
6.90 -8.69 4.41
5.44 -8.84 2.04
3.77 -7.48 2.86
5.66 -8.84 6.73
6.35 -8.73 4.66
5.69 -8.72 3.46
5.57 -9.40 3.05
6.85 -8.17 4.77
3.28 -8.84 3.97
7.53 -9.70 5.20
7.21 -7.06 4.97
6.35 -8.42 3.06
4.10 -5.76 2.94
5.24 -4.57 3.94
5.99 -7.32 6.37
7.84 -12.19 4.61
3.34 -5.65 2.97
6.28 -7.50 5.48
7.06 -5.87 7.39
5.15 -7.73 3.77
9.25 -9.07 4.67
3.09 -4.75 2.88
4.23 -7.61 3.87
6.63 -6.72 6.95
5.68 -7.79 2.93
3.37 -4.18 2.81
6.56 -7.62 4.67
6.21 -6.18 7.39
6.58 -7.29 4.02
8.51 -7.08 4.90
4.25 -6.69 3.28
6.82 -7.55 5.94
5.93 -7.05 5.22
11.35 -12.27 6.10
4.38 -6.07 3.00
6.89 3.12 1.62
5.63 -1.72 5.24
9.21 -2.83 8.34
3.25 -2.09 2.38
10.13 -3.72 3.23
6.84 -1.30 5.72
8.04 -2.49 5.04
11.23 -7.32 5.33
6.11 -7.39 0.56
6.05 -9.99 3.28
1.70 -5.51 2.65
5.22 -11.54 0.47
1.30 -5.25 1.85
2.84 -9.48 4.81
1.92 -7.86 4.58
6.04 -11.07 4.21
5.68 -10.41 1.39
5.36 -5.54 2.88
11.78 -6.02 5.64
5.99 -4.54 5.21
12.88 -4.63 2.97
4.50 -4.81 2.15
9.50 -8.57 4.81
4.80 -7.56 4.18
4.13 -7.60 2.99
3.22 -12.26 -1.00
1.88 -5.51 0.05
-1.19 -9.24 2.95
0.16 -5.80 2.08
4.25 -14.38 4.49
1.97 -6.49 3.40
3.59 -4.05 4.11
3.54 -4.38 4.95
7.25 -6.96 6.62
3.87 -5.55 2.55
5.75 -8.11 4.58
4.96 -6.17 6.16
7.22 -7.45 4.26
5.00 -9.00 2.49
6.85 -8.88 0.03
5.84 -12.42 6.40
5.10 -5.32 4.86
8.24 -13.48 4.39
1.91 -5.84 2.39
5.71 -9.00 3.24
4.01 -6.18 4.64
6.08 -7.51 3.32
3.83 -7.18 2.18
5.74 -9.40 3.41
3.45 -11.61 6.83
3.18 -10.32 5.16
0.79 -7.44 1.99
2.09 -9.74 1.94
2.94 -12.26 5.86
5.18 -8.45 4.25
6.34 -11.88 1.28
5.08 -9.30 1.72
5.91 -8.55 4.72
3.07 -5.04 4.97
7.51 -14.12 4.46
3.37 -5.66 2.19
5.30 -6.10 5.30
4.94 -6.51 6.07
6.69 -5.20 5.32
9.46 -16.49 5.39
3.55 -6.09 1.92
6.21 -7.76 4.31
3.26 -6.23 3.67
5.30 -9.82 2.05
4.83 -7.93 0.33
5.12 -8.88 0.94
5.49 -12.95 3.94
4.44 -6.27 3.12
7.49 -11.73 -0.13
3.59 -4.53 0.29
6.52 -8.06 2.80
3.62 -4.89 3.15
5.30 -5.91 2.12
4.93 -8.89 0.57
5.86 -8.50 0.45
6.40 -12.47 4.70
6.91 -8.91 3.30
7.55 -8.85 1.86
5.82 -10.22 2.91
4.91 -8.15 8.54
5.01 -6.59 5.81
5.71 -7.33 6.08
4.81 -7.70 4.35
5.62 -8.22 3.21
4.78 -9.30 7.30
5.27 -6.58 5.74
6.04 -9.62 4.63
3.17 -9.18 3.22
2.67 -6.74 3.18
5.04 -6.68 6.75
5.03 -8.51 5.27
3.48 -7.07 4.05
3.35 -6.44 2.59
5.32 -11.99 6.03
4.81 -6.98 4.44
6.30 -6.12 3.75
4.56 -6.92 2.42
5.26 -12.33 4.05
4.83 -9.61 3.15
4.92 -8.01 2.76
5.67 -9.40 2.48
5.56 -12.50 6.12
7.09 -9.94 4.56
6.85 -12.41 4.68
2.40 -3.56 1.37
5.34 -10.69 5.71
3.64 -5.53 4.12
9.29 -6.40 4.00
5.38 -6.70 2.90
7.97 -8.09 5.08
3.80 -6.56 4.81
9.42 -11.86 3.23
1.80 -4.95 1.05
8.33 -6.41 4.26
8.35 -8.35 1.31
3.22 -5.29 1.70
5.23 -7.43 1.98
6.29 -9.56 4.18
7.57 -8.30 3.53
7.23 -10.28 -1.80
6.30 -7.09 -0.72
7.68 -9.26 2.57
4.70 -5.48 3.24
8.51 -9.77 1.32
3.84 -6.34 1.40
5.55 -7.97 4.62
3.91 -4.86 4.58
5.70 -7.55 3.34
4.14 -8.04 1.86
5.58 -8.01 1.86
6.03 -10.39 5.13
5.21 -7.20 4.57
3.15 -8.76 1.70
2.30 -5.49 0.73
8.78 -8.19 3.68
5.21 -9.15 1.81
5.90 -10.03 -0.56
3.61 -8.91 0.11
7.03 -10.32 3.15
4.20 -8.74 4.01
5.10 -7.48 3.57
6.72 -9.51 2.05
3.68 -5.83 1.58
5.75 -12.61 4.40
4.04 -7.59 4.04
7.54 -11.06 4.32
4.12 -6.94 2.46
7.02 -13.58 5.75
4.48 -6.31 3.99
10.71 -12.95 3.96
1.04 -3.96 2.03
6.54 -5.46 3.76
6.00 -9.76 3.10
2.33 -5.34 0.26
5.60 -8.45 -0.26
5.36 -10.54 2.54
6.93 -9.93 3.19
8.01 -9.98 0.59
3.89 -4.59 2.50
6.03 -5.94 5.65
6.11 -7.00 6.75
9.60 -9.14 3.10
3.35 -4.93 2.51
7.93 -5.12 6.62
8.01 -7.00 5.63
8.24 -4.35 3.26
8.11 -6.39 4.25
8.46 -5.00 6.03
7.82 -5.89 4.97
11.80 -8.21 2.61
4.46 -4.88 2.72
7.19 -7.16 4.80
7.13 -8.81 4.20
7.02 -10.44 -0.31
3.36 -6.29 0.82
3.77 -11.93 3.58
3.02 -9.33 1.88
4.52 -12.61 -2.29
1.09 -4.54 1.22
1.29 -9.36 5.33
1.87 -12.12 2.55
1.16 -9.79 0.28
1.51 -8.67 1.97
2.31 -12.68 5.49
3.20 -11.39 4.43
2.50 -11.89 3.53
1.55 -5.88 2.67
1.31 -11.56 7.07
3.76 -11.38 5.10
2.50 -9.38 2.73
1.58 -7.08 2.75
1.67 -7.52 7.22
3.81 -9.09 6.40
6.19 -7.54 6.45
2.38 -6.58 3.78
5.63 -5.61 7.19
6.01 -6.05 5.91
6.25 -11.26 4.12
2.81 -4.67 2.74
8.02 -9.63 5.55
3.10 -5.32 4.52
5.74 -10.67 3.40
3.37 -6.52 2.27
7.41 -7.07 5.25
2.37 -5.83 4.98
6.48 -11.01 4.76
2.90 -6.28 2.93
5.43 -8.02 4.79
3.92 -6.00 5.52
7.33 -8.18 3.98
3.15 -5.00 2.83
6.48 -8.59 6.02
6.12 -6.77 6.54
6.49 -8.88 4.17
4.70 -7.82 2.92
3.74 -7.77 2.38
4.70 -10.02 4.16
4.76 -11.03 2.63
5.60 -11.02 2.18
2.50 -5.58 1.43
3.74 -7.14 4.92
5.88 -9.27 4.50
7.60 -9.79 4.16
5.21 -4.64 2.75
10.77 -8.28 5.14
4.92 -4.39 3.97
10.61 -11.51 4.63
4.14 -4.19 1.97
13.32 -7.92 3.02
6.15 -5.82 5.08
9.45 -9.43 2.62
4.87 -5.67 1.19
6.40 -9.41 3.14
2.66 -6.85 2.14
6.56 -12.16 -3.34
2.34 -4.43 0.05
7.17 -11.72 2.57
3.03 -5.07 3.62
7.16 -9.87 2.48
4.37 -4.36 1.71
7.31 -8.65 5.32
6.79 -6.69 5.60
9.36 -10.60 3.86
2.90 -2.37 2.44
9.91 -7.65 6.33
4.86 -4.58 4.49
9.48 -11.33 4.47
3.21 -5.01 2.46
10.18 -5.37 6.00
4.39 -5.52 5.91
4.94 -10.77 4.16
2.19 -5.33 2.15
8.90 -9.74 5.21
3.85 -4.34 6.66
8.66 -8.78 7.12
3.64 -4.10 2.68
9.13 -6.29 5.52
5.48 -3.38 5.93
8.92 -6.60 4.59
6.45 -6.44 2.72
4.09 -7.34 5.08
3.37 -8.73 6.51
3.89 -9.64 4.00
2.22 -8.41 2.54
2.95 -8.24 4.86
2.50 -6.64 7.46
8.22 -12.39 6.90
4.39 -5.25 3.91
9.14 -6.74 6.38
8.12 -7.09 6.30
3.14 -9.37 2.61
2.44 -6.80 1.63
1.74 -8.32 2.93
4.02 -11.99 6.51
7.66 -10.45 7.09
11.22 -10.82 5.47
1.79 -4.87 1.63
5.47 -4.15 3.23
3.06 -4.84 4.45
12.40 -12.06 4.07
6.74 -11.41 1.12
3.26 -6.07 -0.14
4.70 -6.96 2.77
2.59 -5.83 3.68
5.37 -5.94 6.18
11.25 -8.27 2.29
4.42 -5.66 3.07
6.10 -6.98 5.86
3.16 -9.95 4.33
3.70 -8.21 3.83
8.50 -12.21 1.28
2.77 -4.68 0.95
6.37 -9.04 5.55
7.18 -6.77 5.03
7.06 -5.55 4.92
8.39 -8.69 3.39
3.89 -6.16 2.27
7.61 -4.51 5.07
5.62 -8.18 6.34
7.23 -8.29 5.30
6.92 -8.93 1.60
2.70 -8.10 -1.37
4.48 -8.04 0.29
5.37 -11.46 2.95
5.22 -8.04 3.98
5.49 -9.21 2.01
2.01 -6.94 0.52
4.52 -9.10 0.99
3.59 -10.94 3.85
3.69 -7.71 4.82
4.72 -7.45 3.30
2.88 -10.35 0.96
3.76 -9.24 3.14
2.94 -6.21 4.67
2.41 -8.24 5.71
4.38 -8.44 6.10
2.11 -14.94 1.27
0.69 -4.37 2.13
5.02 -8.50 6.15
2.68 -7.85 4.65
5.32 -12.57 1.26
0.08 -6.25 2.18
8.06 -3.97 6.41
7.09 -4.19 6.71
7.90 -7.05 6.06
7.91 -9.01 3.94
3.29 -5.83 2.06
8.44 -7.10 6.48
3.81 -5.50 5.21
7.16 -12.03 4.15
2.68 -5.40 2.79
6.08 -4.44 4.45
3.90 -4.25 6.76
7.52 -9.59 5.00
3.54 -6.70 2.08
6.74 -9.39 3.52
6.79 -7.62 6.50
6.72 -9.11 4.33
6.82 -7.71 2.46
3.31 -6.12 2.13
9.19 -9.32 4.99
3.72 -4.64 4.43
4.92 -7.84 3.34
4.56 -8.72 0.91
4.77 -6.79 0.98
6.71 -11.51 3.79
6.30 -7.50 4.24
8.91 -14.28 -0.16
1.98 -4.78 0.29
8.12 -7.54 3.00
3.50 -4.10 4.74
5.92 -6.85 4.93
5.69 -7.37 2.71
8.85 -12.04 2.41
4.41 -10.55 6.12
7.51 -6.45 6.31
5.68 -8.00 4.59
4.95 -7.90 3.11
6.28 -10.06 3.19
5.31 -9.65 6.92
6.63 -7.26 5.91
6.20 -7.56 4.01
3.47 -7.93 -0.91
6.17 -6.77 -1.59
4.81 -9.69 2.07
8.50 -7.52 1.30
5.40 -8.89 -0.59
3.40 -7.60 -1.24
8.51 -7.86 -2.62
7.47 -12.82 0.95
6.28 -7.63 3.48
8.24 -11.41 0.36
3.85 -5.96 0.66
7.98 -9.17 3.81
3.97 -6.54 3.13
4.52 -7.53 1.93
3.32 -4.72 1.20
6.08 -5.93 2.21
3.09 -6.24 3.99
6.61 -9.11 2.89
3.56 -6.44 0.74
4.38 -6.65 -0.04
5.70 -9.87 6.31
5.92 -6.47 3.72
5.78 -8.20 3.50
4.49 -9.01 0.72
7.19 -8.44 0.40
6.56 -4.85 5.75
6.97 -6.20 3.28
7.24 -8.92 0.50
3.72 -7.57 -1.10
6.74 -8.74 1.90
4.26 -8.81 5.49
3.29 -7.15 6.90
3.66 -8.18 6.11
3.29 -9.23 3.39
4.00 -8.48 2.51
3.24 -11.47 7.20
4.96 -7.25 4.93
4.73 -8.96 4.74
4.01 -8.01 1.10
4.81 -7.68 1.63
4.72 -7.05 5.93
5.17 -7.13 6.03
4.89 -9.33 4.27
4.87 -11.03 1.91
4.45 -6.76 0.67
5.38 -10.18 4.80
5.22 -7.11 4.21
6.66 -11.25 1.49
3.12 -6.74 -0.02
4.34 -8.24 1.77
5.10 -8.13 3.42
4.63 -7.80 3.24
6.87 -9.53 0.53
3.89 -6.21 1.06
6.17 -7.04 3.05
5.30 -4.27 3.76
7.68 -4.91 4.22
5.35 -10.00 1.64
5.85 -7.94 2.30
5.13 -10.14 3.51
3.79 -8.06 4.57
5.86 -10.64 4.97
2.25 -6.38 2.00
4.49 -8.29 3.58
6.85 -9.05 3.27
7.28 -9.50 3.36
7.31 -6.97 -3.96
4.45 -5.51 -1.39
7.56 -6.44 2.38
5.32 -6.18 1.82
10.53 -8.08 -1.49
5.74 -5.97 -1.85
6.34 -5.85 -0.98
6.40 -8.32 3.66
7.68 -8.16 1.63
10.90 -14.32 -2.47
3.37 -5.44 -0.60
5.33 -7.06 0.59
8.36 -10.77 0.91
6.90 -8.47 1.97
8.21 -12.68 -1.85
2.30 -4.45 -0.54
6.33 -8.01 2.96
4.91 -8.19 2.70
4.83 -10.44 -0.49
2.95 -6.92 -0.08
5.64 -8.47 3.06
3.53 -6.88 5.16
5.60 -8.56 2.95
5.56 -9.60 0.94
2.49 -4.39 0.36
3.78 -7.61 4.66
6.27 -9.33 1.66
5.49 -9.38 -0.41
5.07 -7.85 0.14
6.41 -7.23 4.05
4.01 -7.19 5.12
5.29 -8.32 2.98
7.42 -10.40 1.36
3.26 -4.80 2.57
5.56 -11.13 4.97
4.38 -8.84 1.94
3.93 -8.30 0.51
6.87 -11.10 1.37
4.43 -6.02 4.20
4.20 -7.93 4.56
5.48 -7.93 2.89
6.96 -12.24 -0.64
2.23 -3.72 1.25
4.70 -7.40 5.19
4.82 -8.49 1.78
6.66 -9.62 0.78
5.03 -7.36 1.45
9.01 -10.72 4.22
6.51 -7.56 5.05
5.39 -6.98 3.69
8.00 -8.05 0.92
3.62 -7.01 0.90
9.95 -10.95 4.53
5.65 -8.62 4.86
6.07 -7.22 3.59
8.98 -12.47 1.69
3.13 -6.39 0.75
6.66 -8.85 2.47
5.23 -8.51 6.50
5.91 -6.16 5.40
10.06 -12.71 2.72
1.89 -6.40 0.36
4.93 -8.92 3.11
9.13 -8.87 3.94
7.65 -9.69 3.87
5.98 -9.19 2.91
4.16 -8.78 0.31
5.60 -7.51 1.36
6.08 -14.60 5.55
5.36 -6.84 3.31
8.36 -11.99 1.96
3.36 -6.13 1.01
5.73 -8.55 4.04
4.76 -6.23 4.46
5.91 -7.18 2.44
6.14 -9.16 1.39
7.27 -9.76 -0.33
7.00 -1.32 3.29
3.82 -4.83 4.72
5.85 -6.10 4.13
13.16 -15.97 0.88
4.47 -6.88 1.17
7.21 -8.60 3.38
6.60 -8.08 3.29
6.54 -7.03 4.47
8.57 -9.92 1.36
4.72 -6.41 1.00
7.59 -8.44 4.70
3.46 -5.29 4.67
5.56 -7.07 4.06
6.80 -9.38 1.38
5.76 -7.32 0.88
6.32 -7.34 3.79
5.22 -5.84 5.15
5.87 -8.31 2.27
2.95 -5.15 0.79
5.61 -7.58 0.95
5.85 -8.87 3.16
5.24 -7.29 4.42
5.17 -7.20 4.15
8.56 -12.96 2.17
3.95 -6.27 1.64
8.73 -8.07 4.03
5.61 -6.62 4.33
6.90 -6.13 3.87
9.39 -12.38 2.75
3.05 -6.00 1.22
6.40 -7.27 1.69
5.81 -11.21 2.71
5.79 -6.95 3.76
5.22 -7.84 1.07
6.78 -9.66 0.21
3.99 -6.19 2.80
6.14 -10.80 4.19
6.34 -8.48 2.27
5.37 -8.33 0.68
4.77 -6.96 0.87
6.60 -7.52 3.40
5.50 -7.70 4.06
5.35 -8.13 3.51
5.62 -8.45 1.32
3.56 -5.86 1.66
10.16 -8.60 3.13
4.37 -5.63 5.22
5.88 -7.12 3.00
5.42 -7.80 1.53
8.35 -9.90 3.59
6.13 -5.83 6.44
3.69 -6.40 5.73
5.14 -7.64 3.79
6.11 -10.27 -0.29
1.79 -4.38 1.96
8.73 -9.83 2.98
5.21 -7.45 3.15
8.32 -10.49 0.27
3.38 -6.37 0.52
4.77 -6.56 2.61
4.44 -9.37 4.27
6.70 -7.35 3.04
8.42 -9.79 0.97
2.96 -5.84 1.27
8.71 -8.27 3.63
3.31 -7.09 4.09
6.18 -10.28 1.69
3.34 -7.59 0.40
5.59 -8.16 0.25
3.05 -6.25 4.04
3.53 -8.05 3.89
5.19 -8.62 3.13
6.65 -7.98 1.76
3.60 -5.67 1.88
7.80 -8.15 3.28
4.17 -6.60 2.89
7.79 -9.36 0.68
4.31 -6.15 0.53
6.37 -8.64 1.53
5.91 -8.45 2.98
5.03 -7.41 3.94
6.67 -8.83 0.47
4.39 -7.87 -2.71
5.40 -8.21 1.47
3.36 -9.10 3.32
6.36 -10.35 2.89
4.46 -8.52 -0.77
5.82 -8.07 -1.59
8.19 -9.35 2.37
4.14 -7.39 3.83
3.59 -9.56 1.80
5.46 -8.19 -0.43
3.44 -5.60 0.78
5.11 -6.71 2.91
4.13 -6.30 3.51
9.70 -12.70 3.76
3.74 -6.55 1.43
5.68 -7.89 1.28
8.11 -8.01 2.85
7.23 -6.45 3.34
8.61 -13.77 0.71
3.81 -6.51 1.48
6.96 -8.06 3.20
4.08 -8.93 2.92
5.34 -9.12 -0.62
4.73 -6.37 -1.09
5.19 -6.89 -1.08
7.42 -13.50 3.34
6.41 -7.53 2.51
6.52 -9.40 0.05
3.90 -7.31 0.48
7.16 -2.90 4.16
4.96 -7.75 3.72
4.53 -7.64 2.12
7.33 -10.81 -1.50
4.51 -6.13 -0.63
7.84 -6.70 3.52
4.93 -5.47 3.33
5.83 -8.37 1.42
6.14 -8.90 0.13
6.23 -7.16 0.52
5.92 -9.74 3.17
5.38 -6.39 3.12
5.77 -8.58 0.81
5.04 -7.84 -0.48
6.67 -7.69 1.64
5.95 -8.88 2.90
7.24 -8.47 1.60
4.07 -6.46 1.82
6.79 -8.14 1.69
5.14 -4.65 4.09
5.27 -6.65 4.48
5.80 -8.28 3.35
7.11 -8.89 1.84
4.18 -5.55 1.03
8.32 -10.44 3.25
5.41 -7.06 2.67
8.72 -10.35 1.05
4.98 -5.25 1.46
6.51 -7.98 3.92
5.15 -5.93 3.34
9.49 -11.30 1.99
3.14 -5.73 1.58
5.26 -6.79 2.24
6.20 -9.63 5.28
7.18 -7.33 4.31
5.21 -7.64 2.39
6.05 -9.32 2.13
6.19 -7.89 3.24
8.17 -8.20 5.27
4.98 -6.94 4.42
7.00 -10.58 3.94
3.09 -5.47 2.97
4.83 -7.75 5.53
6.61 -9.14 7.36
5.62 -6.92 5.55
5.18 -9.28 3.38
3.39 -6.75 1.23
7.39 -8.27 1.08
6.85 -13.08 3.54
4.58 -7.22 5.05
7.12 -9.90 2.70
2.65 -6.33 1.24
6.21 -8.04 1.74
5.44 -6.45 4.89
5.52 -4.90 5.55
5.66 -7.97 4.89
7.87 -11.81 2.59
4.33 -7.51 0.56
5.68 -6.76 2.08
5.43 -6.24 4.61
4.36 -6.95 4.73
4.75 -7.86 2.75
6.70 -7.43 1.34
3.84 -7.02 2.73
4.84 -8.25 3.64
6.26 -11.54 4.35
4.70 -7.78 3.60
8.23 -14.77 3.05
4.29 -6.95 1.63
5.57 -7.82 2.02
5.37 -8.63 3.25
4.67 -6.05 3.71
6.69 -8.95 1.70
4.06 -6.45 1.45
5.61 -7.10 2.16
7.69 -11.42 2.53
6.96 -7.55 4.03
9.93 -12.34 2.36
3.02 -5.91 2.93
8.24 -9.92 2.72
6.96 -7.72 3.96
6.05 -8.50 1.29
6.41 -8.26 -1.92
5.27 -5.66 -0.19
9.61 -9.96 0.96
5.96 -6.17 2.23
10.46 -11.19 2.14
3.71 -6.68 1.75
6.32 -6.55 4.79
8.63 -9.67 4.72
5.34 -7.07 2.32
9.34 -10.05 0.79
3.23 -4.13 2.04
11.36 -7.63 3.83
4.10 -5.38 3.36
9.93 -10.74 0.51
3.07 -5.82 0.71
6.72 -7.24 2.32
6.59 -9.53 4.45
7.05 -6.60 3.09
9.75 -10.34 -0.45
4.90 -6.11 1.46
9.06 -4.38 4.08
5.25 -5.47 3.28
10.59 -11.71 1.03
4.68 -5.43 1.02
6.58 -7.78 0.92
4.54 -5.48 2.53
6.07 -7.81 3.72
5.80 -7.39 3.17
9.05 -10.24 1.20
4.53 -6.67 1.28
7.90 -6.22 2.49
4.08 -8.19 5.68
5.00 -7.08 3.99
6.30 -8.09 2.99
7.69 -9.78 0.72
3.88 -4.93 2.98
7.72 -7.24 4.99
4.86 -6.58 4.84
5.43 -7.40 4.41
9.73 -8.84 4.29
3.45 -5.86 2.61
6.45 -4.20 4.10
10.52 -13.32 2.42
5.82 -6.21 3.61
6.77 -7.42 3.05
6.62 -7.49 4.35
7.66 -9.43 3.04
7.05 -5.68 3.69
4.93 -3.51 4.47
7.24 -6.36 5.11
8.99 -11.91 2.70
3.73 -6.04 0.25
7.99 -8.49 1.21
5.37 -5.88 2.64
3.71 -5.69 3.50
6.56 -6.32 3.18
5.94 -7.92 1.28
3.26 -5.26 1.44
5.34 -6.49 3.40
5.96 -8.28 4.51
5.01 -6.68 5.23
6.51 -5.95 4.59
9.12 -13.59 1.92
4.41 -6.87 2.65
5.70 -7.08 3.70
4.32 -5.03 4.42
4.51 -7.43 4.67
7.10 -9.27 2.11
7.59 -10.34 -2.45
3.40 -4.43 0.53
7.12 -8.16 4.32
5.67 -7.49 3.33
8.13 -8.04 3.01
5.50 -7.49 1.74
7.00 -7.68 2.37
5.71 -8.68 3.30
5.23 -6.97 3.58
6.20 -7.47 1.38
8.13 -6.90 0.31
4.60 -5.93 2.80
8.65 -7.11 2.91
6.65 -8.12 1.25
5.52 -5.58 1.73
5.74 -7.64 0.79
8.32 -9.14 3.19
7.31 -8.25 2.67
6.82 -6.93 3.75
6.75 -7.39 2.46
7.38 -8.96 1.47
4.41 -5.86 1.89
7.25 -8.45 2.46
5.96 -6.70 0.14
6.93 -8.18 -1.42
3.64 -5.28 0.17
7.74 -8.07 4.08
7.62 -4.57 4.87
8.85 -3.69 6.49
10.59 -6.50 6.71
6.50 -4.40 3.69
13.97 -1.29 4.04
6.97 -3.09 4.87
14.57 -0.92 3.20
7.40 -2.24 2.51
9.02 -1.46 2.67
9.66 -0.46 4.31
6.83 0.05 4.53
8.54 -1.97 3.55
12.36 -4.64 2.22
6.00 -4.59 3.51
9.03 -5.42 4.15
6.31 -4.50 3.11
12.44 -6.38 2.98
8.01 -3.99 2.05
9.59 -4.24 3.58
6.53 -2.09 4.14
11.08 -6.25 4.44
10.34 -8.05 0.63
5.74 -3.96 0.79
11.56 -4.06 3.74
6.76 -4.20 3.32
11.01 -8.61 1.73
5.56 -5.22 0.05
7.83 -6.52 1.28
8.28 -8.81 2.82
6.47 -7.15 3.15
5.04 -6.77 1.09
5.02 -6.71 0.44
5.13 -6.91 0.94
6.47 -11.84 3.43
4.00 -6.44 1.44
7.78 -13.63 -1.47
1.17 -6.65 -0.29
3.35 -9.90 2.91
1.08 -7.68 3.54
1.26 -8.64 4.13
3.52 -12.63 -0.02
0.78 -7.22 0.60
1.11 -10.46 3.31
1.96 -10.05 2.29
1.09 -10.12 2.54
1.88 -7.55 0.42
3.00 -6.48 4.74
1.92 -5.86 4.79
5.60 -6.69 5.91
7.43 -6.49 3.99
8.76 -3.60 4.18
9.66 -2.72 7.06
6.45 -2.36 6.28
11.25 -5.77 5.83
8.45 -2.09 3.17
11.39 -1.55 4.59
6.56 -0.14 7.19
9.26 -3.08 5.91
12.38 -4.11 2.58
5.98 -3.57 2.11
10.07 -2.76 4.64
6.43 -1.60 4.22
12.97 -5.01 3.80
6.56 -3.25 3.12
10.11 -3.09 2.67
11.56 -3.56 7.50
8.45 -2.66 4.83
9.49 -3.96 3.30
9.40 -4.40 2.31
7.63 -3.32 4.27
10.29 -2.33 4.33
7.92 -1.86 4.31
14.46 -5.90 1.81
6.65 -4.01 1.35
11.50 -3.02 2.86
8.93 -7.43 4.86
6.61 -4.25 3.75
12.61 -10.02 3.60
5.95 -4.78 1.53
10.64 -3.64 4.30
5.98 -3.47 4.42
12.25 -7.14 2.30
5.43 -4.17 1.69
9.27 -5.15 2.35
10.13 -7.75 3.55
6.25 -7.32 3.30
5.63 -8.92 1.64
4.96 -9.90 -0.08
4.31 -7.56 1.26
5.33 -12.92 5.12
4.58 -9.30 1.60
5.89 -10.99 0.96
3.23 -7.76 0.07
5.81 -9.05 5.39
3.50 -8.23 3.40
5.02 -8.03 2.55
7.17 -12.44 -1.95
2.24 -4.73 -1.12
12.21 -15.65 -0.26
3.51 -7.74 1.72
6.90 -11.22 -3.02
1.23 -4.56 -1.70
4.81 -8.45 -1.55
4.91 -5.99 0.17
5.46 -8.49 0.91
4.45 -7.84 0.11
5.38 -10.51 -5.88
4.05 -6.93 -1.22
4.81 -7.25 0.72
3.55 -6.49 1.17
6.58 -8.58 1.33
4.18 -9.39 -0.72
1.46 -4.76 -3.04
4.50 -8.83 -0.62
3.35 -9.18 0.07
5.42 -7.35 -0.21
4.81 -8.79 1.31
9.05 -11.43 -0.06
2.36 -6.82 -1.63
2.58 -6.77 -1.33
3.86 -9.16 -0.90
3.18 -7.95 1.12
4.12 -7.43 0.45
6.54 -10.59 -0.95
4.90 -10.33 -3.27
2.46 -6.26 -1.18
3.31 -8.11 -0.88
3.23 -6.79 0.48
4.52 -9.28 1.14
3.91 -7.55 0.90
5.54 -14.80 -2.41
1.40 -5.19 -1.90
4.53 -8.26 0.02
7.01 -10.08 -0.46
4.50 -9.35 4.83
3.51 -5.62 2.36
7.76 -9.23 -0.75
5.97 -13.83 -3.07
4.21 -7.07 -1.65
4.57 -7.33 -0.94
5.24 -8.67 0.54
6.63 -8.31 0.68
7.06 -9.04 0.24
7.73 -12.73 -0.89
2.74 -4.53 -1.01
5.72 -7.91 0.99
5.53 -7.50 1.43
9.00 -8.61 -5.89
8.08 -12.77 0.17
2.75 -4.76 0.13
5.73 -7.63 -0.11
5.93 -9.68 -1.16
2.92 -5.09 0.54
7.43 -8.13 -0.38
5.07 -8.61 -0.30
3.33 -7.56 -0.41
5.55 -9.12 -0.44
6.08 -9.00 3.14
5.06 -8.60 1.59
6.22 -10.65 0.71
2.94 -5.12 1.12
7.48 -6.42 0.10
5.74 -7.48 1.19
7.64 -13.95 -1.59
2.27 -3.24 1.08
8.23 -11.42 1.08
6.97 -10.35 -3.23
2.45 -5.35 -0.54
6.97 -10.18 -2.80
6.11 -9.24 0.78
5.65 -8.32 0.38
5.85 -8.94 -0.37
6.77 -10.98 -2.99
3.32 -4.53 1.93
6.26 -9.67 3.58
6.30 -12.49 -1.75
1.53 -2.99 0.47
7.82 -7.12 -0.96
5.27 -7.73 -2.10
3.67 -7.78 -1.66
6.65 -8.94 -0.81
5.89 -7.55 2.82
5.59 -6.44 0.79
5.93 -8.00 1.84
8.76 -10.05 1.03
2.70 -5.27 1.22
10.51 -9.73 0.82
4.78 -6.79 1.07
7.16 -11.19 -2.54
2.24 -3.71 1.04
7.77 -9.61 -0.22
5.32 -8.46 0.32
5.78 -9.00 -2.85
4.42 -7.52 -0.08
6.49 -9.01 1.21
6.86 -9.22 1.69
6.12 -7.95 0.96
5.23 -9.44 0.77
5.20 -8.53 -1.09
6.07 -7.33 0.33
5.99 -8.02 2.61
6.21 -8.30 0.36
3.21 -6.15 -0.82
6.73 -7.78 -0.54
5.43 -7.36 0.20
5.10 -8.45 1.98
4.69 -8.08 2.21
6.21 -11.52 -3.09
3.07 -5.97 0.79
6.79 -8.27 -0.05
3.40 -7.17 1.11
5.50 -10.30 -1.68
2.49 -5.12 -1.00
5.60 -10.60 -1.12
3.40 -9.57 -1.41
2.98 -7.83 -2.06
4.07 -9.85 -1.70
6.08 -10.27 2.16
2.90 -7.92 4.35
4.76 -8.50 3.70
6.77 -10.03 1.22
3.01 -5.17 1.94
7.54 -9.68 3.10
4.93 -6.97 3.66
8.69 -12.71 0.67
3.46 -5.58 1.66
7.93 -9.80 3.78
8.44 -8.32 4.80
7.67 -4.42 4.87
7.75 -6.81 2.34
3.89 -4.63 1.54
6.98 -5.72 1.83
5.73 -6.73 3.73
9.12 -7.30 3.02
8.65 -10.71 0.07
5.35 -6.11 0.93
8.06 -4.98 3.57
5.30 -4.57 4.15
8.78 -8.06 2.52
8.71 -10.26 -0.81
4.56 -5.61 1.38
5.92 -7.44 2.82
6.30 -9.82 0.03
4.37 -6.54 0.67
5.94 -7.26 -0.01
5.25 -8.51 2.67
6.21 -8.19 4.08
6.03 -8.05 0.73
4.97 -6.93 0.57
7.88 -7.97 2.35
8.42 -10.46 3.59
7.79 -7.47 2.55
6.18 -7.70 1.35
4.73 -4.63 2.06
7.68 -11.47 4.03
8.13 -7.49 3.52
9.33 -8.40 2.21
0.90 -3.66 1.68
10.79 -12.77 0.18
6.50 -9.99 0.39
3.56 -4.60 0.88
12.03 -9.17 -0.23
4.02 -6.09 2.32
9.32 -13.02 -0.97
1.68 -3.94 1.11
8.45 -6.90 2.26
5.69 -7.38 2.08
7.39 -9.27 -2.91
2.74 -2.72 0.53
5.03 -7.04 0.61
7.72 -8.98 -1.11
9.87 -10.57 -4.00
2.36 -2.85 1.34
5.04 -6.39 2.43
8.08 -8.22 -0.42
4.18 -5.83 0.69
8.73 -9.34 0.79
9.10 -6.90 2.22
7.69 -7.76 3.41
7.89 -9.24 0.11
5.24 -8.35 0.44
6.73 -7.13 1.85
6.23 -8.37 2.96
7.63 -8.53 2.21
6.46 -7.32 -0.46
4.08 -6.16 0.60
8.71 -8.85 3.42
7.40 -5.67 4.91
9.47 -6.94 4.70
12.72 -7.70 3.38
5.92 -4.35 3.04
11.22 -3.12 5.38
5.61 -0.71 4.45
14.61 -2.98 5.53
6.47 -2.67 3.26
10.20 -1.40 4.31
6.72 -0.52 5.19
7.77 -3.84 4.92
13.46 -6.51 4.53
6.66 -2.92 2.58
13.13 -5.12 3.49
3.87 -4.69 2.25
8.10 -12.00 0.69
2.70 -8.32 0.19
4.32 -8.91 0.57
2.75 -9.25 2.16
4.18 -9.06 2.17
7.22 -11.91 2.92
2.26 -8.01 2.27
2.71 -9.04 4.30
0.45 -6.91 3.38
3.75 -13.95 2.38
1.84 -7.76 -0.44
3.82 -10.26 1.80
2.90 -8.82 4.69
4.15 -7.43 4.22
6.28 -13.97 0.38
3.36 -6.94 -0.74
6.18 -8.71 2.03
3.40 -7.31 3.49
4.99 -8.87 -0.39
2.71 -7.07 -2.11
4.03 -6.70 -1.62
6.63 -8.80 0.11
5.08 -7.56 0.03
5.36 -8.73 -0.86
5.96 -10.69 -5.37
2.66 -3.66 -0.56
9.12 -10.23 0.44
5.06 -6.88 -0.64
11.02 -12.91 -4.00
4.35 -6.86 -1.91
6.62 -8.82 -0.16
6.51 -9.22 4.41
4.27 -7.60 4.33
6.41 -12.12 5.42
2.83 -7.49 2.87
3.34 -7.54 8.07
2.77 -3.60 10.75
1.80 -6.33 7.66
1.52 -8.50 6.32
-0.61 -3.49 5.54
-3.14 -5.05 8.56
-6.57 -13.09 7.31
-2.25 -6.97 2.49
-3.46 -10.29 2.93
-4.90 -12.36 3.65
-0.15 -9.57 1.51
0.79 -10.60 -2.16
-0.14 -5.32 -0.75
1.34 -12.38 2.26
-1.29 -11.09 3.80
0.54 -11.32 2.38
0.50 -10.91 0.44
0.93 -6.40 2.84
-0.64 -9.93 7.02
1.40 -10.45 5.73
1.92 -11.64 2.25
2.55 -8.49 1.50
3.01 -11.45 2.16
3.32 -9.65 2.30
3.74 -9.10 3.41
3.98 -8.30 0.85
3.58 -10.27 -1.57
4.44 -8.14 -0.55
2.88 -9.02 3.84
5.42 -9.16 -0.10
6.11 -11.83 -3.48
2.73 -6.45 -1.14
6.76 -11.26 -0.24
3.87 -7.84 1.47
4.23 -7.85 1.22
6.58 -12.11 -3.06
2.68 -4.36 -0.85
5.52 -9.06 -0.55
3.56 -7.09 -0.31
7.90 -11.88 -1.47
2.41 -5.69 -1.59
4.96 -7.82 -1.05
4.74 -6.93 0.14
5.22 -7.42 0.09
6.23 -9.06 -0.35
6.09 -10.12 -2.33
3.55 -6.02 1.43
4.77 -9.49 0.86
3.23 -6.82 0.79
6.11 -8.51 -3.40
4.72 -8.41 -2.33
6.57 -10.18 -0.11
6.44 -11.62 0.27
4.37 -8.98 2.39
6.45 -10.49 -1.05
3.91 -7.83 -1.57
4.60 -7.66 -0.39
6.37 -11.62 1.65
3.91 -9.25 -0.92
3.74 -7.26 -2.00
4.40 -8.93 -2.31
5.65 -8.59 0.12
3.28 -8.96 0.93
4.02 -9.30 1.41
5.38 -12.07 -2.02
2.23 -5.67 -0.98
6.07 -9.85 -0.99
4.00 -8.36 1.33
4.23 -9.79 -1.44
1.22 -4.97 -1.92
3.97 -7.60 -1.56
5.34 -10.28 2.28
6.08 -8.32 1.78
4.80 -8.67 1.41
6.57 -14.07 0.13
2.83 -6.44 -0.95
4.68 -7.13 -0.04
7.28 -13.35 2.14
5.46 -9.85 -0.68
3.51 -9.57 -2.74
3.55 -8.17 -1.53
4.52 -7.15 1.08
2.99 -6.64 0.89
6.27 -11.50 -1.53
2.44 -6.88 0.57
3.62 -7.92 0.68
7.82 -12.31 3.55
5.53 -8.71 1.33
5.84 -9.26 0.47
7.67 -12.95 -2.20
3.77 -5.79 0.28
6.36 -11.27 3.38
5.39 -8.85 -1.21
5.02 -9.09 -2.43
3.75 -5.26 -0.94
7.02 -10.54 -0.38
4.61 -7.57 0.60
3.77 -8.48 -0.84
4.61 -10.10 -0.79
1.30 -3.76 -0.94
9.34 -9.52 1.19
3.61 -7.51 2.97
7.91 -11.93 0.19
2.66 -6.89 -1.91
5.27 -8.86 -0.76
5.72 -8.90 3.38
6.65 -7.41 4.77
6.29 -8.52 4.46
6.26 -9.74 1.45
4.95 -4.04 2.27
6.84 -7.58 4.78
4.57 -4.89 3.42
9.21 -12.05 1.36
4.94 -5.90 0.97
7.51 -8.73 2.85
6.78 -9.13 3.58
6.13 -8.32 4.07
5.74 -8.32 2.66
5.28 -9.11 1.01
4.13 -7.07 2.04
4.68 -10.51 4.51
5.57 -9.03 3.86
6.40 -8.53 1.73
4.38 -7.75 1.11
8.70 -7.90 3.36
3.73 -5.91 4.01
7.41 -10.22 1.69
3.38 -7.36 1.04
4.78 -7.28 2.44
4.50 -9.30 5.25
5.32 -8.32 4.62
5.13 -8.17 2.26
5.33 -9.76 1.19
4.59 -6.42 1.75
5.15 -10.76 4.59
4.56 -8.41 2.03
6.74 -9.91 2.38
5.05 -7.12 1.51
6.41 -8.79 5.04
6.05 -8.21 3.44
5.93 -7.03 3.25
9.00 -11.44 3.48
3.64 -5.60 2.51
6.74 -7.13 4.48
4.50 -7.18 4.25
5.47 -8.70 1.90
3.06 -6.54 1.80
5.12 -8.25 1.72
6.30 -11.80 3.98
6.74 -9.44 4.16
6.40 -10.05 3.30
3.34 -7.90 2.30
7.10 -8.68 5.74
5.39 -4.69 5.89
5.57 -7.07 5.66
8.50 -15.02 6.59
4.61 -7.60 2.50
5.20 -7.48 3.60
5.49 -9.23 4.67
6.96 -8.38 4.38
5.97 -9.17 3.43
5.55 -7.81 1.64
7.75 -8.46 5.19
4.71 -8.51 4.00
5.04 -8.50 4.26
8.23 -9.84 1.57
5.19 -5.28 1.75
6.91 -8.44 3.12
3.34 -6.06 3.04
6.95 -8.61 2.52
3.36 -5.34 1.80
7.56 -7.87 3.82
3.00 -6.47 3.38
8.52 -13.23 0.89
4.56 -8.86 1.59
8.09 -10.93 2.73
7.73 -9.17 3.14
5.28 -7.39 3.27
6.10 -10.69 1.51
2.54 -5.46 1.92
8.02 -12.11 2.37
6.26 -9.95 2.24
4.89 -8.55 1.30
4.30 -8.52 1.68
5.61 -7.95 1.53
4.08 -9.39 3.30
4.82 -8.25 3.57
6.68 -9.07 2.20
2.85 -6.40 1.77
6.91 -9.36 2.85
7.48 -9.71 5.14
5.17 -7.55 4.35
5.27 -7.87 2.77
4.58 -8.77 1.23
6.15 -7.98 2.21
6.50 -10.26 4.57
4.77 -7.72 2.77
6.84 -9.98 2.31
3.52 -5.55 2.74
8.50 -9.03 4.28
3.99 -6.32 4.52
8.08 -12.29 2.29
3.84 -7.44 1.95
5.81 -8.75 2.34
6.42 -9.70 3.90
5.74 -7.99 3.94
4.57 -8.63 1.91
5.99 -9.78 0.51
5.21 -6.45 2.44
6.96 -10.94 3.92
5.67 -9.18 2.33
6.44 -8.58 1.27
4.29 -6.72 1.37
6.93 -5.85 4.76
3.19 -5.60 5.07
5.95 -7.94 4.18
3.69 -7.80 2.51
5.85 -9.18 1.91
4.78 -9.41 5.00
5.33 -6.20 4.90
5.28 -8.76 5.14
5.65 -8.28 2.64
3.65 -7.51 2.05
5.21 -7.54 2.17
6.06 -11.13 4.68
5.41 -9.56 2.98
5.56 -8.18 2.97
5.02 -7.16 2.29
6.84 -9.25 3.66
4.32 -7.10 3.92
6.28 -7.80 4.32
5.97 -9.24 1.63
6.07 -7.34 1.56
5.98 -8.78 2.16
6.69 -9.67 3.79
6.21 -7.47 4.51
6.06 -7.06 4.11
6.79 -8.87 4.65
4.05 -6.64 2.90
9.85 -9.74 4.75
4.56 -5.95 5.88
6.62 -7.17 3.86
6.98 -8.72 2.88
5.39 -7.70 1.41
6.87 -7.15 4.61
3.85 -6.16 4.54
6.19 -7.22 4.06
8.39 -11.81 0.13
3.46 -6.25 1.72
7.81 -9.17 3.45
4.76 -8.40 4.33
4.49 -6.75 4.27
5.72 -7.99 1.88
5.23 -7.83 0.75
6.10 -8.02 1.06
7.19 -10.69 2.62
6.98 -8.41 1.48
7.87 -9.24 1.40
6.25 -7.74 1.27
8.94 -7.44 4.55
4.17 -5.89 5.47
7.25 -5.41 4.61
5.97 -7.58 2.69
6.89 -9.13 3.25
8.07 -8.85 5.30
7.34 -6.95 6.55
7.06 -5.69 6.42
6.57 -9.05 4.22
4.70 -6.76 3.23
4.78 -7.22 3.82
5.43 -8.17 5.72
7.13 -9.60 4.47
4.55 -10.28 3.66
4.29 -6.06 2.92
6.87 -8.64 5.78
5.80 -8.88 5.49
8.70 -8.76 4.47
3.81 -8.27 2.51
5.16 -7.63 3.62
5.12 -7.74 5.65
6.43 -5.90 5.36
5.85 -5.77 5.99
5.99 -9.25 3.95
4.30 -6.64 2.44
5.62 -6.79 2.47
7.98 -7.09 5.65
6.77 -7.32 4.71
5.90 -8.70 2.38
3.29 -6.20 2.12
5.47 -6.59 2.24
9.89 -13.06 5.15
4.21 -7.62 3.48
5.54 -7.81 3.68
5.65 -8.97 4.59
4.62 -8.20 0.88
5.48 -7.39 1.61
5.39 -8.42 3.42
5.49 -8.36 4.56
5.46 -8.85 1.19
3.29 -7.51 0.64
5.33 -7.64 -0.90
6.07 -10.10 1.46
5.15 -8.25 2.06
6.04 -8.85 2.57
5.05 -7.76 2.66
6.32 -10.83 0.45
2.43 -5.78 1.69
5.31 -7.30 3.17
4.63 -8.35 4.58
6.11 -7.92 3.98
4.98 -10.06 1.70
3.51 -7.28 0.87
5.28 -7.70 2.16
5.19 -8.49 3.39
5.44 -8.13 4.74
4.88 -7.75 4.26
5.84 -10.40 2.93
4.91 -8.57 1.46
4.99 -6.65 2.12
4.41 -6.16 4.63
5.25 -8.73 4.41
4.52 -8.52 2.33
4.14 -7.62 1.55
4.85 -7.87 1.25
4.65 -7.60 3.94
4.79 -7.26 4.54
4.94 -7.71 5.76
4.37 -6.40 5.82
9.57 -14.87 -1.06
2.38 -5.82 0.99
7.07 -8.72 1.98
3.63 -8.00 3.01
4.93 -8.27 1.28
6.48 -10.51 0.87
6.38 -7.84 0.48
6.61 -9.42 3.09
5.09 -8.18 3.19
5.70 -7.43 4.48
5.41 -7.33 2.80
6.54 -11.24 0.36
4.38 -6.40 1.83
8.27 -8.03 4.18
3.85 -5.82 4.89
5.39 -7.05 4.33
6.51 -10.94 1.50
4.06 -7.60 -0.11
4.41 -8.42 1.92
2.74 -7.18 3.23
3.57 -8.58 3.43
3.99 -9.27 3.48
6.34 -11.97 0.11
1.82 -5.93 0.88
6.93 -10.76 2.52
3.81 -8.74 3.57
4.28 -7.91 2.36
6.15 -11.49 0.06
3.57 -7.17 0.06
5.79 -6.95 1.78
2.87 -7.77 2.42
5.31 -7.21 2.92
5.69 -11.53 -1.13
3.20 -7.08 -0.68
4.98 -8.28 1.73
2.44 -7.06 1.93
3.90 -7.78 3.22
3.94 -9.04 0.85
4.32 -9.84 -1.17
3.18 -6.05 0.86
3.91 -5.91 2.45
3.88 -6.98 3.15
6.38 -12.44 0.80
2.84 -7.23 0.38
6.28 -8.80 1.59
4.83 -9.21 2.51
5.66 -9.12 1.87
6.31 -10.61 -0.13
4.19 -7.32 0.88
6.07 -8.71 2.09
4.88 -8.99 3.05
5.56 -6.65 3.95
4.80 -8.07 3.38
8.91 -12.94 2.31
2.57 -4.83 2.40
10.70 -9.81 1.98
3.48 -7.13 3.08
6.25 -9.48 1.02
6.75 -10.76 1.09
2.55 -5.89 2.25
3.69 -7.20 4.97
6.03 -10.37 2.40
5.04 -9.15 0.24
5.29 -8.56 1.60
7.98 -8.70 4.51
7.36 -6.83 5.37
6.85 -6.95 5.85
5.33 -6.35 4.13
7.29 -9.37 0.94
4.15 -4.95 1.30
8.20 -10.26 3.40
5.21 -6.24 3.49
7.03 -9.41 0.97
3.42 -6.80 -0.22
6.59 -7.69 2.08
4.28 -7.41 3.06
9.66 -11.25 -1.31
2.85 -5.81 -0.63
5.79 -8.52 -0.11
8.48 -9.48 1.21
6.48 -7.75 2.24
4.55 -9.25 2.41
5.97 -12.61 1.43
1.68 -5.74 0.97
7.84 -9.59 2.34
4.31 -8.48 2.94
4.65 -7.94 0.86
5.76 -8.88 -1.59
3.20 -6.93 -0.32
3.95 -9.68 0.64
4.28 -8.69 0.16
7.39 -12.23 -7.02
1.59 -6.85 -2.31
7.62 -12.22 -1.52
6.55 -12.75 1.91
4.42 -8.53 1.68
3.03 -8.72 0.99
5.71 -11.63 -2.61
2.32 -5.42 -0.45
6.12 -9.63 1.03
3.55 -8.90 1.54
6.93 -12.22 -1.09
3.03 -6.30 -0.29
7.27 -9.22 1.47
4.49 -9.21 2.49
7.27 -12.59 -0.74
2.96 -5.86 0.72
5.57 -9.00 0.02
4.90 -13.04 3.44
4.95 -9.25 2.67
6.00 -12.64 -1.22
1.72 -5.21 0.49
8.70 -8.84 1.06
2.90 -8.32 3.07
5.10 -11.27 -0.37
2.09 -6.38 0.00
5.66 -9.80 -0.45
5.77 -10.48 2.64
4.89 -10.56 0.35
4.78 -9.53 -0.24
4.67 -7.68 1.17
6.81 -11.30 4.52
5.56 -10.30 1.66
5.28 -10.57 1.57
3.04 -7.58 2.72
8.20 -5.79 5.60
4.69 -9.19 4.35
6.31 -9.18 3.14
3.04 -7.52 2.01
6.60 -11.08 4.37
5.23 -9.68 4.28
5.72 -7.58 4.31
3.10 -8.80 1.13
5.40 -7.79 1.21
7.15 -10.75 3.19
6.38 -10.96 2.81
4.48 -9.58 0.06
5.32 -5.79 1.70
5.21 -7.48 0.92
6.33 -9.93 3.21
5.08 -7.92 3.23
7.19 -9.35 1.77
4.89 -8.11 0.86
8.38 -10.72 2.34
6.75 -7.99 3.49
4.77 -7.44 3.73
7.47 -11.68 2.43
3.52 -6.41 1.71
5.48 -7.52 2.87
5.90 -8.70 5.25
7.25 -10.78 1.40
4.71 -7.34 1.80
5.62 -7.75 1.72
6.01 -8.36 3.43
4.09 -8.55 1.99
6.29 -8.47 0.11
5.87 -7.02 0.35
6.60 -7.60 3.37
5.64 -6.62 3.76
5.50 -7.18 3.93
5.41 -7.65 1.88
6.52 -9.03 -0.89
5.62 -6.53 1.05
6.59 -9.53 2.06
6.78 -8.97 0.15
7.55 -8.80 -2.57
4.99 -6.28 -1.62
6.51 -10.80 -2.10
5.07 -9.46 -2.60
5.92 -7.55 -3.30
4.47 -7.64 -1.83
6.43 -9.56 1.99
1.68 -9.82 3.15
-1.33 -7.33 4.67
-2.93 -12.17 4.87
-1.58 -5.57 2.91
-1.60 -11.15 7.00
-1.63 -6.71 4.77
-1.47 -10.79 6.21
-0.36 -5.84 1.89
3.03 -11.16 4.90
1.25 -7.66 3.68
3.66 -13.07 0.76
2.22 -7.46 -0.38
4.71 -10.84 1.43
2.66 -4.38 2.07
8.78 -4.68 4.70
4.37 -6.76 4.39
5.32 -7.98 2.86
2.69 -5.86 1.30
6.46 -8.34 2.64
8.27 -4.31 4.35
6.09 -3.73 5.61
6.71 -5.57 4.75
10.95 -12.00 0.29
3.54 -4.17 2.32
9.15 -7.44 3.96
4.18 -5.46 3.21
9.63 -11.13 2.56
4.57 -7.49 2.26
5.94 -7.49 2.01
6.88 -8.59 3.73
5.69 -7.81 3.96
5.18 -8.01 1.78
6.33 -10.24 -0.31
3.81 -6.81 0.51
6.40 -7.17 2.59
3.31 -6.92 2.68
8.54 -10.58 0.89
5.63 -7.99 0.77
6.20 -8.24 1.69
5.72 -7.73 2.55
4.91 -8.12 3.55
5.50 -8.21 1.85
4.23 -7.72 2.45
4.68 -6.48 3.04
6.02 -9.50 4.01
6.33 -8.65 3.74
5.58 -10.06 0.64
4.21 -8.51 1.24
7.48 -11.78 3.05
5.03 -10.41 3.88
4.19 -8.29 3.68
3.34 -7.75 3.58
5.85 -12.61 1.17
3.48 -8.87 4.57
4.55 -6.38 5.61
3.13 -6.26 6.58
4.03 -9.99 6.11
1.51 -6.41 3.82
3.64 -8.05 5.74
2.74 -8.81 6.18
3.97 -7.59 6.58
4.01 -7.05 6.52
3.64 -7.95 5.72
3.34 -11.31 3.88
2.71 -7.89 3.41
5.38 -8.29 6.06
2.58 -7.16 5.72
4.27 -12.65 4.91
2.11 -5.67 3.32
3.28 -8.22 4.53
3.00 -9.86 4.88
3.39 -8.01 4.74
4.09 -8.24 5.64
3.29 -8.66 3.61
3.46 -9.83 1.18
3.68 -8.01 2.19
3.73 -10.77 4.70
3.40 -7.38 4.68
4.96 -11.36 2.85
2.39 -8.82 2.42
4.21 -9.52 4.79
3.96 -9.81 5.42
4.36 -8.41 6.24
2.75 -9.30 3.71
3.40 -10.11 3.39
4.00 -8.49 2.67
3.29 -10.36 4.47
3.47 -8.17 4.03
4.70 -10.24 3.23
2.83 -9.22 2.15
4.52 -11.35 3.80
4.01 -8.63 4.42
2.90 -8.79 5.18
3.10 -8.04 4.64
3.00 -10.15 1.92
0.57 -5.91 2.02
6.15 -12.02 4.62
1.37 -7.28 4.04
