1.11 -5.91 -1.39
2.97 -8.38 -0.79
5.04 -10.74 2.56
1.30 -5.87 1.40
6.98 -14.45 -3.95
2.03 -6.34 -1.70
3.07 -9.03 1.63
4.99 -8.84 0.95
4.82 -8.90 -1.52
4.09 -8.64 -0.66
4.63 -7.90 -0.26
7.97 -10.80 3.36
2.70 -6.51 0.28
7.25 -11.04 -2.84
6.43 -9.24 -0.40
5.48 -9.64 4.97
6.68 -8.67 4.86
5.24 -5.62 1.45
5.74 -9.50 0.99
4.70 -8.61 -0.11
5.27 -8.78 3.23
4.18 -5.35 0.95
5.84 -11.23 0.43
2.75 -7.36 0.75
10.16 -14.66 -1.29
4.51 -1.49 2.39
4.47 -9.27 2.52
4.89 -12.65 0.42
4.21 -7.50 1.12
4.64 -9.04 -0.62
5.39 -9.29 2.36
2.35 -8.04 -1.10
4.02 -9.20 -0.16
6.03 -10.79 -0.95
3.40 -8.78 -0.12
3.75 -6.14 0.09
1.66 -6.61 0.23
6.68 -12.54 0.70
3.70 -7.81 1.82
5.15 -9.27 2.61
4.74 -11.32 1.71
2.72 -8.53 -0.29
6.50 -9.13 1.39
3.81 -7.03 1.83
4.52 -7.38 -1.77
1.84 -6.50 0.28
7.56 -10.93 -1.19
2.28 -6.14 1.43
3.68 -9.61 -0.09
1.59 -6.45 0.77
7.53 -12.56 1.75
3.96 -5.40 2.39
5.81 -9.38 2.87
5.80 -8.70 1.51
4.52 -9.93 0.39
3.97 -7.83 -0.65
7.03 -11.32 0.72
0.45 -4.70 0.02
6.86 -12.00 -2.97
3.49 -7.46 0.07
4.97 -10.89 2.62
4.46 -9.02 3.58
4.39 -8.26 3.11
3.66 -8.18 1.16
2.50 -8.40 0.73
3.55 -8.30 -1.15
6.45 -12.56 3.57
1.17 -4.46 0.80
6.84 -13.55 -3.49
2.84 -7.62 -1.38
7.05 -10.96 1.16
3.74 -7.86 1.90
3.91 -7.87 1.30
3.97 -8.60 -0.21
3.69 -8.22 -1.04
4.38 -8.88 -1.31
7.18 -9.84 1.20
2.26 -6.30 1.78
5.95 -8.91 0.13
4.02 -7.19 1.85
4.20 -8.64 -0.54
3.28 -7.86 0.03
6.39 -12.51 4.72
1.10 -6.76 3.41
4.04 -8.86 1.21
3.92 -9.41 1.70
5.28 -10.58 0.28
3.66 -9.13 -0.60
3.88 -8.65 0.72
5.88 -11.54 4.57
1.76 -5.66 0.54
6.79 -11.17 -2.77
4.33 -7.91 -0.87
6.49 -10.58 -0.80
3.78 -6.81 0.14
5.35 -9.40 0.22
4.47 -9.02 -0.80
3.46 -8.68 -1.13
3.33 -8.13 -2.14
4.92 -10.26 0.99
1.07 -5.27 -1.70
7.24 -10.06 -5.70
3.72 -7.54 -2.12
3.06 -8.55 1.57
4.28 -8.76 1.23
4.23 -8.31 0.52
5.40 -9.61 -0.86
3.30 -8.04 -0.84
4.05 -8.26 -0.24
6.61 -10.69 2.15
3.01 -7.00 -0.97
5.33 -9.27 -1.47
6.51 -9.02 -2.09
4.33 -8.85 2.63
5.26 -10.05 1.48
3.57 -7.04 -0.43
4.29 -7.73 -0.64
3.89 -6.92 -0.98
6.67 -11.28 1.37
1.54 -4.61 3.20
7.88 -13.63 1.95
4.04 -6.78 0.08
6.72 -8.10 3.08
4.70 -6.36 3.37
5.36 -7.72 2.76
5.04 -8.52 0.77
4.01 -8.00 0.09
3.43 -7.99 0.10
6.35 -10.97 4.34
1.22 -6.94 2.39
3.31 -8.59 0.07
4.35 -6.34 0.25
7.22 -6.42 4.64
4.98 -5.70 4.23
8.19 -8.47 3.02
7.84 -6.79 2.04
7.11 -6.40 2.59
7.47 -6.23 2.41
10.36 -6.47 6.11
2.83 -3.89 3.50
11.77 -8.78 2.93
8.87 -5.12 3.26
8.20 -9.08 5.86
8.20 -4.90 4.40
7.60 -4.28 2.95
8.21 -9.68 -0.10
3.29 -6.64 -0.38
4.77 -10.44 3.11
2.39 -7.18 2.54
1.68 -9.52 -1.01
0.89 -7.73 -0.16
2.97 -9.87 1.24
1.44 -7.96 2.38
1.57 -9.59 2.41
2.52 -7.09 0.60
3.34 -8.84 1.25
6.38 -6.86 3.24
14.10 -8.17 5.31
4.69 -3.87 3.80
10.02 -6.45 3.62
5.10 -4.16 4.61
11.10 -3.40 4.71
5.69 -2.90 4.40
9.24 -5.70 5.49
8.02 -5.92 3.71
7.45 -5.66 3.20
8.12 -5.74 2.58
11.69 -6.34 7.93
2.06 -4.77 2.56
8.09 -5.47 2.96
12.74 -4.27 5.83
4.89 -2.48 3.81
9.31 -6.79 4.83
8.63 -5.60 2.61
7.45 -5.85 2.53
7.56 -6.06 1.15
9.04 -7.94 3.21
4.25 -4.33 3.18
14.05 -14.68 -0.44
7.54 -7.06 2.14
8.66 -8.15 5.58
7.59 -6.18 3.23
8.11 -8.69 2.35
6.17 -7.62 -0.16
3.77 -8.00 0.38
5.13 -8.98 1.03
5.54 -7.95 3.57
2.65 -7.31 0.22
3.17 -6.68 0.66
8.71 -9.65 2.54
4.26 -6.16 2.97
4.58 -8.56 2.15
5.87 -8.18 0.98
4.29 -9.31 0.47
3.65 -7.75 -0.03
7.96 -11.14 2.06
3.67 -7.63 1.43
2.15 -7.52 0.73
2.03 -7.40 -0.40
8.02 -10.61 0.84
4.39 -6.95 -0.32
4.61 -9.21 -0.68
5.31 -8.19 -1.64
3.52 -6.87 -1.89
4.82 -8.06 -1.20
9.70 -12.49 -0.04
2.50 -5.26 -1.26
4.46 -7.43 -2.07
7.80 -9.77 -0.25
3.77 -7.33 2.03
5.20 -11.94 1.03
6.25 -8.87 -0.26
4.89 -8.60 -0.93
5.25 -7.33 -0.68
6.43 -8.39 1.06
9.67 -11.02 2.85
2.82 -5.37 0.91
5.96 -9.44 2.60
7.96 -8.84 1.84
5.21 -6.42 4.06
2.88 -6.08 0.32
4.25 -6.79 -0.40
11.22 -8.52 0.89
3.21 -3.49 1.92
4.70 -7.79 1.14
4.66 -7.66 0.24
4.55 -7.32 -0.01
5.46 -6.68 0.70
9.12 -10.54 4.76
3.44 -4.53 2.69
9.36 -8.97 0.36
7.59 -6.59 3.31
11.38 -7.67 4.44
1.65 -5.27 0.55
6.06 -7.06 1.65
12.00 -6.57 3.23
6.44 -3.55 4.36
6.45 -8.70 2.92
6.39 -8.57 -0.84
4.81 -7.33 -0.51
5.33 -8.16 -0.51
8.22 -9.68 0.54
1.43 -5.71 -0.24
2.68 -6.83 -0.87
7.86 -8.01 -0.01
3.00 -7.44 1.59
3.56 -8.93 -0.10
4.46 -9.16 -0.83
3.22 -8.23 -0.68
2.81 -7.40 -0.11
10.10 -10.79 0.43
2.08 -5.39 0.48
3.26 -11.37 -2.60
2.90 -7.33 -1.27
7.72 -10.96 0.00
0.31 -4.32 -0.08
2.84 -9.97 -0.55
7.48 -7.28 -0.10
4.03 -7.00 1.13
4.64 -9.12 -1.02
2.70 -6.97 -0.36
4.04 -9.28 0.57
4.25 -7.49 0.02
11.13 -13.88 -0.33
1.54 -4.08 0.71
5.39 -9.34 -1.66
8.92 -8.11 0.51
7.72 -8.40 2.29
5.31 -5.16 -0.32
6.01 -6.84 1.18
10.00 -6.07 2.20
6.51 -6.95 3.55
7.42 -7.53 2.39
6.38 -7.08 0.47
6.98 -6.98 0.34
6.87 -5.99 0.19
12.62 -7.88 3.43
1.73 -5.60 0.60
8.09 -8.14 -3.14
9.84 -6.73 0.20
7.54 -8.88 3.13
7.41 -7.19 3.28
3.71 -5.94 2.67
9.53 -7.22 3.75
6.13 -6.62 4.80
7.18 -8.12 2.10
5.46 -8.71 0.71
4.34 -8.78 0.11
3.98 -8.80 -0.90
4.94 -10.45 -0.02
1.44 -5.11 1.39
7.06 -11.50 -4.28
5.82 -9.64 2.39
1.79 -4.58 1.16
4.53 -10.83 -0.65
2.59 -6.67 0.17
7.45 -7.88 0.99
5.34 -5.68 1.81
6.00 -8.67 2.84
5.94 -7.20 0.24
5.23 -7.10 0.27
4.63 -7.60 0.45
9.42 -9.63 2.03
3.87 -3.61 2.37
5.95 -7.93 0.36
5.58 -8.62 0.60
8.32 -6.94 1.49
8.13 -7.46 5.72
6.73 -5.58 4.41
8.20 -6.18 3.30
6.56 -6.06 3.52
7.66 -6.45 0.99
7.76 -8.44 0.14
6.83 -7.01 -0.07
7.78 -9.98 1.87
2.71 -6.71 0.24
6.43 -9.57 -1.57
4.64 -7.75 -1.36
5.47 -10.13 0.46
3.51 -7.76 1.16
3.00 -7.66 -0.31
6.11 -10.15 -0.70
5.60 -7.79 0.67
9.22 -7.67 2.61
7.62 -7.02 4.00
5.37 -6.02 1.79
7.08 -7.20 1.94
9.62 -6.34 3.00
7.98 -5.16 4.48
7.65 -6.90 3.82
7.08 -5.22 2.45
9.69 -6.99 2.25
8.45 -5.93 1.57
8.05 -4.59 1.36
11.81 -4.67 5.64
4.46 -4.91 2.78
11.39 -4.73 2.18
8.01 -3.81 1.48
11.09 -3.89 1.36
5.76 -2.72 3.19
9.40 -4.81 3.16
8.28 -6.82 1.64
7.73 -6.04 0.70
6.84 -5.40 -0.08
9.40 -6.99 1.92
4.55 -5.01 0.45
5.23 -7.72 -1.79
4.67 -7.42 -1.33
7.33 -8.76 1.71
3.41 -5.12 1.07
7.60 -8.50 0.05
6.78 -6.85 -2.24
5.16 -7.53 -1.45
3.78 -8.12 -0.08
6.04 -12.04 2.12
1.79 -3.79 1.23
8.76 -15.82 -0.27
5.67 -10.13 -0.42
6.24 -11.23 0.86
4.07 -7.95 2.95
3.41 -7.28 1.00
5.62 -11.07 -0.03
5.00 -7.52 0.14
5.61 -8.26 1.06
8.90 -9.44 3.28
3.26 -4.88 0.98
10.33 -10.97 -1.20
6.06 -6.61 1.93
8.27 -7.29 3.04
7.30 -5.44 3.95
6.55 -5.35 2.37
8.56 -7.42 1.65
7.86 -6.31 1.49
8.47 -4.99 1.73
11.53 -6.21 5.68
3.64 -3.85 2.37
10.70 -6.00 1.42
9.59 -5.10 2.62
7.81 -8.38 5.94
7.56 -4.94 3.96
7.50 -5.02 3.09
8.48 -6.11 2.29
8.44 -5.64 1.73
8.38 -4.79 1.19
11.25 -8.58 4.87
4.00 -4.16 1.07
7.67 -5.77 -0.56
9.15 -7.17 1.70
8.22 -7.84 4.64
5.84 -7.53 3.14
6.01 -7.21 2.26
6.33 -7.25 2.26
6.40 -8.22 0.53
6.07 -7.47 0.09
8.00 -9.56 0.52
2.83 -4.36 2.00
9.54 -12.06 -2.18
4.94 -7.69 -1.65
9.73 -9.68 -0.64
2.05 -5.63 -0.73
4.26 -5.95 -1.98
8.24 -7.93 -0.39
5.24 -6.73 1.21
5.34 -9.25 -0.11
5.07 -7.90 -0.94
5.46 -7.39 -0.20
5.46 -8.48 -0.38
6.91 -8.18 -0.13
5.16 -7.57 0.97
4.39 -7.25 0.24
3.21 -6.47 0.51
8.00 -11.98 1.47
1.77 -5.93 0.02
5.12 -10.30 -0.59
5.86 -9.13 -0.74
4.63 -10.05 0.62
1.98 -6.89 -0.27
3.40 -7.47 -1.35
7.40 -8.04 1.39
3.86 -6.24 2.26
5.27 -10.91 -0.10
4.95 -7.75 -1.02
4.74 -7.42 -0.04
3.43 -7.56 -1.01
8.42 -12.24 1.91
1.26 -4.99 -0.20
7.02 -9.97 -2.73
7.01 -8.39 -0.76
4.51 -8.52 1.41
4.59 -10.31 -0.56
1.73 -6.38 -0.55
6.93 -10.63 -1.25
3.15 -5.70 -0.05
7.15 -10.16 -4.15
5.91 -8.18 -1.96
7.94 -10.94 -0.09
3.45 -6.08 -0.86
4.53 -7.35 -2.08
10.14 -10.27 -3.34
4.06 -4.57 2.64
5.18 -5.33 2.08
3.16 -4.97 1.60
8.84 -10.40 1.79
2.32 -4.32 1.32
7.78 -13.13 -0.28
4.16 -9.13 0.34
7.18 -11.30 2.06
2.99 -7.13 -0.53
4.42 -8.23 -0.94
9.39 -11.46 -1.11
5.23 -6.07 2.61
3.89 -6.59 1.29
2.63 -7.01 0.08
8.61 -10.20 1.43
2.78 -5.40 1.37
6.31 -11.24 -0.90
4.28 -7.51 0.04
8.18 -9.40 -0.17
3.81 -6.09 1.51
5.03 -10.64 -1.76
3.83 -8.13 -1.02
6.61 -10.53 0.49
3.04 -6.11 0.78
5.51 -8.45 -0.85
7.69 -8.79 -0.02
4.83 -8.09 1.75
3.15 -8.21 0.80
2.08 -7.15 0.54
7.19 -10.53 0.26
1.60 -6.44 0.64
5.77 -10.11 -1.59
6.70 -8.60 0.82
5.01 -9.94 0.76
3.87 -8.88 0.03
2.92 -6.40 -0.04
7.11 -9.61 0.16
5.40 -9.47 0.43
5.11 -10.11 -0.39
3.36 -7.55 -1.25
3.57 -7.41 -1.34
6.69 -10.72 1.05
3.75 -8.07 -0.34
6.56 -10.06 -2.50
7.23 -9.08 0.75
5.94 -9.64 -0.80
2.28 -6.92 -0.18
2.64 -5.91 -0.68
7.41 -8.73 -0.39
3.46 -6.24 1.30
3.14 -9.18 -1.37
4.00 -8.57 -0.74
4.11 -8.22 -1.26
5.99 -10.89 0.03
2.18 -5.60 0.53
9.51 -14.72 -5.27
4.59 -7.32 -2.22
5.52 -10.36 0.49
3.22 -6.70 -0.92
5.48 -9.70 -1.68
5.23 -10.43 0.09
5.00 -9.96 0.99
3.09 -8.65 -0.60
4.94 -8.54 -1.96
4.29 -8.68 -1.93
5.18 -9.32 -0.30
7.35 -10.40 0.70
2.49 -6.35 -0.74
4.25 -8.75 -1.08
9.31 -10.23 -1.61
2.86 -6.91 0.10
10.00 -11.75 -1.66
4.34 -7.36 -0.02
6.11 -11.79 0.34
4.26 -8.60 -0.16
4.06 -7.13 0.44
6.58 -10.94 -2.08
3.91 -7.97 -1.70
8.59 -9.68 -0.27
2.79 -6.44 0.45
6.76 -10.89 -1.66
2.80 -7.19 -0.66
7.33 -10.78 0.50
2.93 -6.72 -0.21
4.68 -8.55 -2.20
6.73 -8.95 -2.01
5.71 -10.12 1.33
5.21 -9.65 0.48
4.11 -7.73 -0.58
3.64 -7.87 -2.29
4.18 -7.40 -1.19
5.63 -10.65 -0.79
1.88 -5.66 0.04
9.65 -13.25 -5.88
2.79 -7.79 -0.51
5.30 -10.04 -0.53
2.57 -6.91 -0.29
7.42 -11.93 -4.49
3.18 -7.85 -1.53
6.07 -11.28 0.33
3.20 -8.44 0.59
4.22 -8.56 -0.41
5.00 -8.92 -1.38
4.54 -7.77 -1.38
7.87 -9.34 1.37
3.10 -7.00 1.31
3.74 -10.61 -0.45
2.40 -5.91 -0.59
6.91 -10.24 0.54
2.11 -5.44 0.62
6.67 -10.27 -4.14
7.38 -9.02 -0.54
4.08 -9.20 1.39
3.43 -8.28 0.67
5.43 -8.94 1.01
5.63 -10.70 -2.11
4.50 -6.91 -1.32
6.62 -12.06 0.54
1.41 -4.29 0.49
6.13 -14.24 -1.09
2.43 -6.35 0.29
6.81 -12.01 2.53
1.46 -5.06 0.74
5.46 -9.55 -1.95
5.27 -9.95 0.41
4.38 -9.71 1.25
3.93 -9.41 -0.98
6.12 -10.23 -4.95
3.11 -6.29 -1.30
8.11 -8.10 0.17
3.33 -5.96 2.60
6.64 -11.13 -1.28
4.44 -8.92 -1.45
4.36 -9.53 -2.57
3.99 -7.33 -0.98
7.64 -12.00 0.18
1.83 -5.98 1.48
4.16 -7.78 0.93
5.52 -8.79 -2.02
3.14 -7.55 -1.52
3.99 -8.65 -0.95
3.49 -7.88 -1.10
7.23 -8.13 0.18
2.41 -6.56 0.77
4.97 -9.07 -0.79
4.62 -7.51 -1.21
3.48 -8.33 -2.15
4.47 -7.30 -2.24
7.90 -9.86 -1.40
3.38 -7.35 0.01
4.03 -8.94 -0.60
4.56 -8.37 -1.47
3.96 -8.80 -1.66
3.85 -6.97 -0.76
6.70 -11.60 -0.46
2.61 -6.77 0.23
4.69 -8.79 -1.31
5.21 -7.50 -1.55
4.33 -7.88 -1.39
4.65 -8.36 -1.32
8.77 -9.67 3.49
6.36 -7.42 3.08
5.60 -7.78 1.69
7.76 -8.65 0.19
5.16 -6.85 1.25
7.04 -7.50 1.87
8.33 -7.97 2.88
5.79 -5.92 2.33
7.36 -7.95 1.63
6.20 -8.85 1.67
6.42 -8.36 0.04
5.32 -7.44 -1.10
6.68 -7.68 -0.39
6.89 -6.93 1.85
5.09 -8.50 -0.34
7.12 -9.68 -2.36
4.37 -7.22 0.02
7.14 -7.98 1.88
5.72 -7.81 2.61
6.54 -10.14 0.96
5.39 -7.91 1.78
6.82 -8.51 -0.49
5.63 -7.62 0.96
8.85 -6.78 2.95
6.66 -5.68 3.39
5.21 -7.26 -0.43
5.42 -7.45 -0.65
9.32 -6.59 1.66
5.87 -8.61 2.21
9.45 -9.17 1.87
7.72 -6.57 1.84
7.70 -6.37 -0.00
6.72 -6.46 -0.06
9.75 -7.09 3.64
6.28 -4.44 3.28
8.43 -8.94 2.55
6.36 -5.26 2.58
9.32 -5.84 3.54
7.25 -7.47 5.51
8.08 -6.37 4.30
7.49 -6.01 5.48
8.36 -5.90 1.21
7.53 -5.88 1.02
11.57 -6.94 1.86
6.35 -4.29 3.17
6.52 -6.27 0.45
5.74 -5.89 1.24
10.29 -5.87 2.64
6.25 -4.30 3.55
7.85 -7.10 3.51
7.32 -6.36 1.68
7.14 -6.96 1.30
6.73 -6.60 0.43
6.74 -6.71 0.35
9.97 -9.33 3.08
3.95 -6.48 0.27
10.00 -12.21 -0.45
5.32 -6.33 1.52
9.24 -9.30 2.37
5.32 -6.65 1.21
5.52 -8.29 -0.09
5.24 -7.48 -0.17
5.29 -6.91 -0.97
8.72 -9.68 0.39
2.25 -4.04 0.23
9.33 -10.58 -4.01
4.59 -5.04 -2.06
9.09 -11.13 -0.64
1.45 -3.85 -0.05
6.72 -8.15 -2.36
7.79 -8.36 0.46
4.86 -8.36 0.97
5.08 -9.43 -0.09
6.26 -6.69 -0.31
7.16 -7.63 0.21
7.55 -7.11 0.92
10.19 -6.47 4.04
4.14 -4.62 2.00
11.30 -9.17 3.07
7.41 -5.74 1.97
11.46 -4.33 4.01
4.12 -2.61 2.39
11.83 -6.39 1.75
8.99 -4.31 2.40
9.87 -7.84 5.83
6.95 -4.07 3.74
7.75 -2.31 3.11
9.00 -8.24 1.06
6.95 -5.65 0.49
8.07 -7.14 2.98
8.47 -7.48 2.64
3.80 -5.15 -0.60
5.25 -5.89 -1.04
8.26 -7.37 0.06
5.37 -8.19 1.59
4.10 -6.80 -0.71
3.58 -5.32 -0.07
9.85 -7.76 -0.91
5.27 -6.40 1.95
6.53 -8.09 2.49
6.96 -6.64 0.62
6.66 -7.51 -0.13
6.47 -7.20 0.41
9.34 -6.79 2.43
5.23 -6.29 1.90
1.87 -4.83 0.17
3.74 -6.91 0.10
3.53 -8.76 1.19
1.25 -5.43 0.49
4.39 -12.66 -1.31
2.39 -6.41 0.61
5.80 -8.59 2.13
3.42 -7.85 1.94
4.17 -6.54 2.24
8.89 -10.24 -1.56
5.63 -5.44 0.68
7.13 -7.06 1.36
11.91 -8.96 6.99
3.75 -5.32 0.78
9.28 -7.53 -0.53
8.79 -4.43 1.48
11.66 -7.86 6.20
3.71 -5.10 2.94
7.24 -8.10 3.12
10.09 -5.24 5.94
5.82 -5.34 4.14
7.65 -5.89 5.35
7.90 -6.53 3.94
8.83 -5.36 2.12
8.65 -4.33 2.16
10.13 -7.34 3.80
5.42 -4.22 3.15
9.96 -9.66 0.78
6.92 -6.24 0.07
10.83 -13.38 0.23
2.83 -4.46 0.84
7.95 -8.54 -0.10
11.52 -6.73 1.01
5.08 -3.80 1.82
6.93 -6.84 0.80
7.15 -6.69 -0.53
7.75 -6.08 -0.26
5.89 -6.52 -1.62
11.44 -9.26 -1.50
4.92 -4.55 1.03
5.66 -9.54 0.02
4.36 -6.87 0.32
4.88 -8.59 2.53
4.00 -4.65 1.48
5.96 -10.60 -0.42
4.35 -6.35 0.42
10.08 -8.11 0.08
5.88 -6.70 2.44
6.02 -8.82 2.03
7.44 -8.75 -0.08
5.93 -7.41 -0.73
4.41 -6.40 -1.37
8.97 -6.86 1.78
3.91 -5.12 1.73
7.68 -8.63 0.97
6.78 -6.91 0.09
5.32 -6.78 0.58
6.13 -7.43 -1.11
5.87 -6.88 -0.95
7.67 -8.37 0.28
4.47 -5.34 3.39
7.58 -8.06 2.08
8.71 -6.06 0.42
7.68 -6.23 2.08
6.70 -5.62 1.70
10.73 -4.19 2.80
5.55 -4.79 3.70
8.59 -5.05 3.63
8.04 -6.30 2.75
8.41 -6.62 2.07
7.82 -7.27 0.68
6.62 -6.15 0.72
7.31 -7.34 1.58
5.11 -4.65 3.37
6.87 -6.81 1.38
7.31 -6.90 0.86
7.05 -6.94 -0.25
5.65 -6.76 -0.58
9.29 -8.27 0.68
6.73 -7.84 -0.45
6.45 -6.89 -0.41
5.75 -7.18 -0.84
7.30 -7.91 -1.64
6.40 -6.92 -1.38
7.41 -6.80 -1.60
7.45 -8.75 1.28
7.80 -9.37 1.22
7.82 -7.44 -1.12
7.76 -7.73 -0.33
6.44 -7.51 -0.14
6.75 -6.68 -1.05
5.21 -6.16 -1.44
10.42 -8.71 -1.64
5.51 -9.05 1.23
3.48 -2.07 -1.52
4.86 -7.16 -1.73
8.26 -8.79 0.45
4.52 -6.82 -0.37
5.69 -8.82 0.05
6.01 -6.69 -0.35
6.23 -7.17 -2.11
4.98 -7.45 -1.34
6.58 -7.49 -1.13
8.30 -9.27 -0.65
2.92 -4.95 -0.95
5.20 -8.20 -1.11
9.86 -5.82 0.60
3.95 -6.70 0.68
5.10 -7.57 0.86
5.60 -8.37 0.65
5.91 -7.78 -2.12
5.19 -7.42 -2.19
6.16 -10.68 0.47
6.99 -7.80 1.07
2.65 -6.49 -2.06
6.96 -8.92 -1.56
9.18 -8.55 0.37
4.94 -6.40 2.48
6.02 -9.17 1.98
6.65 -7.07 2.59
9.06 -6.63 1.51
8.47 -7.55 1.51
8.99 -4.08 2.01
12.77 -7.11 3.52
3.68 -3.39 0.42
8.44 -6.80 2.00
11.93 -3.68 3.40
8.66 -5.61 4.63
7.87 -4.81 3.49
8.63 -4.47 1.86
9.25 -5.36 0.96
8.25 -4.06 1.46
11.92 -6.47 2.49
7.47 -6.07 1.86
5.90 -5.77 0.73
4.81 -7.17 -1.40
2.76 -8.11 1.10
0.68 -5.55 1.08
2.19 -9.96 0.74
0.52 -9.04 -0.30
0.68 -8.55 -1.20
0.29 -8.43 -0.74
1.04 -12.37 1.71
0.23 -6.95 0.25
0.94 -10.98 -3.09
0.98 -8.33 -1.05
0.82 -12.34 1.04
1.60 -9.31 0.16
1.62 -9.14 0.28
0.53 -6.57 -0.74
1.74 -10.47 -0.31
1.44 -7.19 0.16
4.64 -13.66 1.94
3.72 -5.02 1.26
7.28 -6.56 2.09
6.01 -6.95 1.66
12.42 -6.22 2.71
5.08 -2.23 2.46
11.57 -6.29 3.02
5.93 -5.12 3.36
12.76 -3.66 3.36
7.83 -1.77 4.57
9.03 -3.56 3.47
9.54 -5.01 2.14
8.42 -4.10 1.84
12.33 -3.95 3.39
7.28 -3.87 5.33
8.55 -5.40 3.03
5.71 -5.79 1.40
9.62 -8.11 2.70
5.59 -5.74 3.05
5.84 -7.77 1.30
2.31 -6.35 -0.47
4.17 -9.28 0.46
5.82 -7.29 0.92
3.83 -9.96 0.48
4.35 -9.80 -2.26
3.35 -7.46 -1.85
5.55 -13.93 1.23
0.34 -4.36 1.01
7.87 -14.93 -7.83
2.16 -8.66 -1.91
5.31 -14.37 0.18
2.79 -7.99 0.20
1.03 -7.66 -0.83
2.51 -8.46 -1.35
2.01 -9.17 -1.10
3.21 -8.60 -0.67
7.77 -16.68 -0.42
0.77 -4.64 0.00
2.71 -9.71 -1.68
6.59 -11.31 -1.61
3.24 -8.15 0.75
3.24 -10.21 -0.73
1.92 -8.95 -0.62
5.04 -11.81 -2.94
2.67 -9.80 -2.01
2.90 -8.47 -1.25
4.10 -13.80 -0.06
1.08 -5.31 -0.87
5.05 -12.86 -5.28
3.30 -7.99 -1.29
3.07 -11.09 -0.14
3.39 -9.52 -0.05
2.74 -8.04 0.48
2.98 -7.60 -1.91
3.11 -7.60 -0.41
2.50 -8.86 -2.66
3.58 -7.19 -1.50
2.51 -7.71 -1.88
2.37 -8.57 0.00
2.53 -8.81 -0.55
3.64 -7.58 -2.80
2.42 -8.29 -3.01
2.13 -6.46 -2.31
6.62 -9.42 -0.58
2.70 -8.54 -0.26
5.00 -8.89 0.15
5.18 -8.77 -0.81
4.20 -10.51 -0.79
3.37 -9.89 -1.10
2.46 -7.69 -1.71
6.73 -9.19 -1.07
4.37 -7.60 -1.33
4.49 -9.56 -1.75
4.65 -9.10 -1.47
4.81 -9.77 -1.97
2.21 -9.01 -0.85
5.18 -7.57 -0.49
9.02 -10.80 -1.08
3.23 -6.23 0.56
5.61 -9.67 0.46
5.00 -7.85 -0.74
3.67 -8.58 -0.35
3.53 -7.53 -0.62
7.03 -9.03 -0.55
4.04 -12.29 1.08
5.78 -8.33 -1.39
3.91 -7.89 -0.23
3.53 -8.62 -0.99
3.25 -8.34 -1.63
3.80 -7.55 -1.93
7.73 -11.53 -1.31
3.73 -6.51 -0.57
6.00 -10.53 -0.79
5.18 -8.54 -2.28
3.98 -8.32 -1.53
5.24 -7.96 -1.27
6.82 -12.72 -0.39
5.36 -5.02 1.17
4.96 -6.57 0.49
5.78 -6.83 -2.18
5.71 -8.51 -1.63
4.41 -7.72 -2.32
6.06 -7.92 -1.48
6.54 -11.94 -0.52
4.50 -6.86 -0.11
3.58 -7.00 -0.99
4.19 -8.85 -1.52
3.76 -8.59 -1.64
3.45 -6.80 -2.28
7.44 -13.02 -2.15
0.42 -4.52 -0.79
7.77 -12.37 -5.84
3.45 -7.86 -2.11
6.63 -11.14 0.26
1.42 -5.93 -1.95
5.82 -9.38 -2.71
7.29 -9.61 -1.38
4.62 -8.73 0.69
4.52 -9.54 -1.80
2.59 -6.55 -1.53
5.23 -8.82 -1.93
3.82 -7.54 -2.19
6.28 -9.78 -0.29
3.58 -7.55 1.04
2.89 -7.19 -1.42
3.39 -7.22 -1.16
10.27 -10.58 -2.90
5.92 -7.16 -0.71
4.60 -9.19 -1.08
4.30 -7.30 -2.28
6.90 -11.06 -4.83
4.18 -8.10 -2.14
3.66 -6.90 -2.11
6.68 -11.31 -0.25
1.43 -4.15 -0.96
8.39 -12.14 -4.38
3.88 -6.05 -1.14
7.64 -9.54 -1.99
5.99 -6.59 0.07
5.03 -8.30 -0.22
4.98 -8.66 -1.02
4.36 -5.74 -1.77
5.51 -7.03 -1.32
6.72 -11.40 -1.92
1.11 -3.68 -0.35
2.38 -8.35 -2.76
7.82 -10.89 -2.42
2.20 -5.96 -0.29
1.44 -5.42 -1.35
2.19 -8.82 0.26
7.85 -14.28 -1.41
2.24 -4.88 -0.72
3.47 -5.27 -3.48
9.17 -12.53 -2.20
1.67 -5.56 -0.01
10.31 -12.68 -8.44
4.42 -7.33 -0.28
6.78 -12.55 -0.29
1.16 -5.75 -0.41
4.60 -8.49 -1.41
5.90 -9.85 -0.69
6.35 -10.13 -1.59
1.53 -6.39 0.43
1.69 -7.91 -1.39
5.22 -8.50 -0.68
5.02 -10.93 -0.36
0.49 -5.42 0.89
3.24 -6.39 -2.11
5.03 -7.63 -0.50
5.48 -10.87 0.17
1.20 -5.66 -0.99
2.57 -5.83 -3.13
7.28 -9.93 -2.13
4.17 -8.47 -1.30
0.91 -5.74 -1.97
1.69 -7.42 -1.23
7.83 -13.47 -1.34
0.38 -3.79 0.28
9.33 -10.03 -5.67
7.12 -10.07 0.32
4.90 -11.99 3.85
2.73 -5.73 0.32
2.87 -7.95 0.96
9.16 -10.05 1.15
2.36 -3.91 4.73
4.05 -9.21 4.87
7.11 -12.56 1.24
3.19 -6.50 0.41
6.44 -10.04 2.33
3.96 -8.47 2.62
1.69 -5.42 -0.83
2.23 -5.80 -0.82
7.12 -9.21 -0.16
4.49 -7.23 1.03
2.84 -9.93 -0.21
4.37 -9.38 -0.45
6.08 -9.04 -0.03
3.74 -7.08 -0.11
6.41 -12.06 0.79
1.64 -5.94 1.01
7.45 -11.75 -1.86
3.63 -7.44 -0.61
7.29 -8.28 -0.36
4.29 -8.43 0.03
4.66 -8.72 1.03
9.17 -11.52 -5.06
5.36 -6.36 0.06
4.27 -7.67 0.06
6.41 -10.28 0.34
2.51 -6.26 -1.16
11.49 -13.12 -4.30
4.11 -6.40 -1.26
4.34 -10.45 -1.51
0.60 -6.40 -0.55
7.65 -12.68 -6.17
5.48 -7.91 -1.30
3.09 -12.06 -0.10
5.92 -9.03 0.17
3.93 -7.24 -0.83
4.80 -9.65 -1.78
4.01 -8.77 -0.34
4.69 -7.87 -1.23
7.90 -14.46 3.84
4.52 -7.87 1.61
8.85 -9.18 0.91
9.66 -5.52 2.16
10.71 -6.33 5.00
5.59 -4.37 2.57
5.56 -3.19 2.27
13.28 -4.77 5.07
5.21 -2.18 3.28
12.28 -6.46 2.91
5.66 -6.07 3.20
9.83 -6.29 4.04
7.15 -1.85 3.53
8.90 -5.16 3.51
9.44 -5.12 2.28
7.68 -3.64 1.89
9.86 -4.78 0.72
11.06 -5.04 5.10
5.63 -3.74 2.40
14.81 -5.71 -0.16
6.35 -3.67 2.17
11.46 -6.20 5.02
2.73 -6.04 2.14
9.50 -5.49 0.90
8.17 -4.57 2.16
11.50 -5.09 1.78
7.65 -4.03 3.47
7.84 -4.60 3.24
8.66 -4.88 1.99
9.38 -5.22 0.78
8.56 -4.93 1.43
7.52 -4.30 0.92
11.76 -8.86 3.39
1.99 -1.97 2.26
13.29 -11.38 -2.03
5.33 -6.62 0.15
10.54 -7.82 0.66
5.24 -3.30 1.70
7.43 -9.23 2.27
6.51 -7.07 0.26
6.35 -6.25 -0.34
4.82 -6.92 -1.12
6.57 -8.12 -0.15
8.03 -9.61 1.00
5.04 -6.99 -1.77
5.77 -7.77 -1.43
7.21 -7.22 -1.82
8.52 -10.18 0.07
5.75 -6.55 0.85
4.95 -7.53 0.57
5.99 -6.41 0.71
4.47 -7.73 -0.25
7.94 -7.33 2.24
4.52 -7.59 0.74
4.64 -7.42 -0.96
8.61 -10.01 -2.72
6.20 -6.99 -1.12
7.57 -7.58 -0.03
6.14 -7.67 2.32
5.29 -8.11 -0.48
4.73 -6.63 -0.29
5.77 -7.79 -1.19
6.73 -6.80 0.54
10.80 -8.30 0.00
3.54 -2.98 1.32
7.59 -8.91 -1.64
4.62 -6.13 0.33
9.77 -9.20 1.31
7.17 -6.63 1.73
5.09 -6.98 0.06
7.50 -6.94 0.04
6.88 -7.94 -1.20
6.11 -6.12 -1.70
9.82 -7.32 -0.67
6.16 -6.10 0.56
5.71 -8.10 -2.25
5.36 -8.80 -0.22
4.22 -5.86 0.05
4.15 -6.66 -3.03
8.92 -7.21 -4.02
4.56 -6.10 -0.76
6.11 -8.88 -1.11
4.24 -7.66 0.09
7.02 -7.36 -0.39
5.47 -7.19 -0.17
6.59 -8.51 1.06
7.99 -10.49 2.28
6.27 -7.55 2.17
6.40 -6.33 0.26
5.80 -6.86 1.19
4.93 -7.53 1.35
9.62 -8.49 1.84
5.49 -3.00 3.85
7.61 -6.98 2.49
9.92 -9.76 3.18
6.74 -7.51 2.49
6.14 -6.45 0.07
8.27 -8.44 0.11
6.66 -5.65 0.93
6.56 -7.49 -0.38
6.11 -6.59 -0.05
5.93 -4.65 0.49
9.98 -7.39 1.89
7.50 -6.22 1.72
8.33 -5.84 1.00
8.00 -7.47 -0.60
6.48 -7.47 0.29
5.79 -6.86 -0.62
8.67 -7.82 1.21
6.85 -8.05 0.11
6.28 -7.52 -2.54
6.53 -7.78 -2.20
6.29 -6.83 -0.74
8.89 -9.47 -0.08
2.84 -4.42 0.54
8.08 -8.63 -6.79
6.89 -7.35 -1.64
6.40 -9.55 -0.16
6.40 -9.35 -0.23
6.28 -7.56 -0.75
7.12 -8.56 -1.74
5.61 -8.81 -1.71
6.10 -7.33 -1.35
10.17 -8.66 -0.71
3.23 -5.53 -1.54
4.82 -6.98 -1.36
7.82 -6.68 -1.93
8.06 -9.03 -2.19
2.09 -5.43 -0.65
5.98 -7.41 -2.84
8.17 -8.30 -1.06
6.09 -8.03 0.64
6.60 -7.37 0.38
5.03 -6.23 -0.75
7.38 -6.53 -0.05
8.75 -5.69 1.05
8.78 -5.42 3.60
11.55 -4.47 3.81
4.76 -4.90 4.07
7.35 -4.47 2.77
9.16 -4.40 3.86
10.47 -4.89 5.92
9.27 -1.64 3.45
7.26 -6.63 3.45
11.92 -1.80 2.48
8.14 -1.34 3.88
9.58 -2.92 3.75
11.41 -5.81 2.21
8.14 -4.96 0.94
6.79 -6.27 -0.02
10.42 -8.68 1.19
3.35 -6.29 0.69
7.75 -11.47 -4.05
5.20 -6.87 -1.67
5.43 -10.74 2.03
2.04 -7.98 0.77
6.94 -9.88 -1.39
4.23 -8.58 -1.30
5.72 -9.17 0.03
2.59 -6.52 1.68
4.19 -10.05 0.58
5.92 -12.49 -1.11
3.82 -8.10 -0.64
2.79 -7.81 -1.25
7.86 -11.37 0.52
2.19 -5.89 0.01
7.13 -12.56 -2.12
2.99 -7.74 -0.26
6.08 -10.84 0.04
2.05 -5.76 -0.16
8.11 -14.01 -4.58
2.59 -7.19 -1.50
5.62 -10.30 -1.73
4.32 -7.93 -0.58
3.48 -7.97 -0.81
5.87 -10.48 -1.90
5.10 -7.93 -0.66
4.80 -7.92 -0.35
6.86 -9.85 1.04
3.20 -6.54 -0.16
7.17 -9.27 -1.39
3.01 -6.88 -0.77
7.22 -9.46 0.31
3.27 -7.07 0.88
3.62 -7.61 0.38
3.02 -7.24 0.31
4.84 -7.72 0.99
5.05 -9.21 1.18
4.75 -9.21 0.95
4.24 -8.29 -0.86
3.86 -8.95 -0.51
3.90 -7.33 -0.92
4.81 -8.40 -1.41
8.44 -10.24 -2.25
2.37 -7.01 -1.53
6.03 -9.77 -2.97
4.76 -8.23 -1.56
6.39 -11.28 -0.56
2.36 -5.59 -1.94
4.66 -8.47 -1.80
7.30 -9.11 -2.21
3.56 -4.97 0.19
4.83 -8.86 -1.55
2.29 -6.22 -0.29
8.59 -9.68 -0.93
7.42 -8.85 -2.95
4.94 -9.49 -2.08
4.03 -7.70 -1.86
4.29 -6.97 -1.78
4.61 -7.13 -2.09
7.11 -10.31 0.76
2.26 -6.31 0.67
7.50 -11.61 -0.94
2.54 -6.38 0.45
6.77 -9.74 -0.24
2.27 -5.28 0.55
11.03 -13.64 -5.27
4.84 -7.05 -0.34
9.21 -10.22 -0.94
3.24 -5.62 0.15
7.63 -9.89 -3.39
7.04 -7.91 -1.74
5.78 -9.26 1.50
6.11 -9.23 0.66
4.76 -8.06 -1.05
6.89 -10.10 -2.26
5.71 -8.59 -1.21
5.07 -7.47 -1.52
7.72 -10.38 0.09
1.83 -5.54 0.25
7.12 -9.22 -3.44
6.51 -7.97 -1.89
7.75 -11.25 0.71
2.70 -5.25 0.61
7.10 -10.65 -2.57
6.29 -7.54 -1.66
10.26 -12.54 0.31
3.33 -5.50 -0.05
8.44 -12.08 -4.04
4.63 -7.87 -0.43
7.27 -10.30 0.92
2.45 -6.35 0.82
7.15 -10.62 -2.89
4.66 -7.47 -1.73
7.21 -8.64 0.94
5.45 -7.53 0.49
2.33 -5.69 0.28
4.05 -6.74 -1.28
9.83 -12.09 -2.51
5.51 -4.76 1.31
5.40 -8.72 0.33
3.85 -7.38 -0.56
6.29 -7.55 -1.07
5.19 -7.99 -1.36
6.48 -8.70 -0.76
5.83 -8.30 -1.09
2.89 -7.41 -0.88
5.30 -8.17 -2.79
6.17 -8.46 -1.54
5.43 -11.04 1.06
4.51 -9.43 -0.64
3.61 -7.19 -0.62
4.07 -9.02 -1.25
4.59 -8.39 -0.02
4.40 -7.36 -0.09
6.73 -9.97 0.92
3.52 -6.27 -0.40
2.81 -8.13 1.10
2.59 -6.39 -0.41
6.75 -10.51 1.21
3.14 -6.62 0.03
9.39 -13.20 -2.17
4.19 -6.41 -1.66
5.44 -10.56 -0.23
6.36 -6.79 1.42
4.41 -8.02 0.17
7.96 -8.90 -0.98
6.30 -7.98 -1.44
4.03 -6.09 -1.05
8.15 -11.04 -0.95
3.91 -5.73 -0.26
2.25 -5.25 0.51
3.43 -5.76 -0.35
7.15 -8.83 1.66
2.61 -5.74 0.99
10.54 -12.63 -5.90
5.97 -8.18 -0.10
4.91 -6.93 4.83
6.88 -5.17 3.97
7.08 -5.98 2.03
7.96 -6.40 2.77
8.57 -4.98 2.03
8.51 -3.28 1.44
13.97 -4.53 7.55
4.35 -3.23 2.30
11.65 -3.87 2.04
9.04 -1.80 2.67
13.34 -0.57 4.91
3.66 -4.40 1.76
9.80 -5.10 2.04
11.89 -1.56 3.25
8.59 -3.79 5.39
8.92 -3.38 4.30
8.31 -2.42 2.52
10.02 -3.82 2.32
9.66 -3.04 1.91
9.78 -1.77 1.33
14.34 -1.96 4.88
3.81 -2.47 2.23
8.60 -3.01 0.74
11.19 -4.08 2.08
8.53 -6.54 5.73
7.39 -4.81 3.45
6.55 -3.86 2.02
9.19 -4.69 1.64
8.54 -4.78 1.48
8.09 -3.17 0.29
9.84 -5.23 4.53
4.26 -4.27 2.36
10.14 -8.24 1.00
8.41 -3.93 1.25
9.41 -8.74 4.79
5.98 -5.28 3.78
7.49 -4.63 2.46
8.93 -6.85 1.50
8.39 -4.95 1.51
8.79 -4.23 1.09
12.83 -5.86 4.93
3.95 -3.53 1.26
10.49 -4.85 1.86
9.14 -4.53 0.05
12.05 -5.98 3.29
4.01 -3.70 2.18
11.08 -7.58 0.66
7.53 -6.66 1.58
9.33 -8.17 1.88
7.02 -3.94 2.43
7.22 -6.34 2.41
7.64 -7.37 -0.17
6.16 -6.57 -1.22
3.86 -6.09 -0.32
5.20 -10.35 0.52
3.82 -6.97 0.57
12.51 -18.26 -2.53
3.64 -7.61 -0.67
2.27 -13.48 0.93
0.20 -4.90 -0.50
1.54 -11.63 -1.81
5.16 -8.92 -0.02
1.01 -7.03 0.77
1.02 -13.07 0.00
1.34 -8.03 0.36
0.26 -7.84 0.36
0.04 -8.39 -2.09
2.06 -10.09 -0.71
2.73 -13.33 1.94
0.21 -6.42 -1.00
-0.68 -6.54 -0.60
2.36 -11.06 0.07
-0.15 -7.96 1.50
-2.31 -8.63 -2.34
-0.87 -7.70 -3.31
2.01 -12.38 1.02
0.88 -8.62 0.12
0.77 -8.32 -1.61
2.25 -9.85 -2.90
0.32 -8.62 -2.22
0.57 -8.31 -0.87
3.11 -10.43 -0.31
4.21 -11.70 -0.18
0.42 -5.65 -0.62
2.41 -7.38 -1.33
6.91 -15.54 -0.48
-0.57 -2.94 2.33
-0.09 -8.14 -0.15
1.78 -6.40 0.71
5.63 -15.38 1.17
0.57 -2.87 1.61
5.50 -10.01 -0.53
5.44 -9.81 1.64
6.38 -9.12 2.82
7.08 -5.33 2.97
6.11 -5.65 3.72
8.64 -6.05 2.93
9.03 -4.84 2.57
9.12 -3.34 3.83
11.96 -5.88 5.61
2.98 -3.56 2.28
8.53 -2.97 2.66
16.11 -0.70 3.32
10.25 1.65 4.07
4.84 -4.87 3.27
5.00 -3.22 2.74
18.62 -2.23 2.47
4.38 -2.04 4.38
11.63 -10.03 5.04
5.83 -4.00 3.71
9.52 -4.68 6.05
8.34 -3.96 3.56
8.14 -6.42 2.42
9.73 -8.40 1.84
7.66 -6.50 1.04
5.95 -5.71 0.95
10.71 -8.00 3.61
4.56 -7.38 2.17
6.51 -9.55 -1.20
5.69 -5.83 -0.34
8.00 -10.38 1.30
2.16 -6.22 0.12
4.55 -8.21 -1.57
9.21 -9.91 -1.35
3.78 -7.28 1.53
1.93 -7.47 0.33
0.49 -6.78 -0.51
5.70 -10.73 -0.00
3.71 -6.68 1.82
2.33 -8.78 1.87
1.21 -9.00 1.63
0.56 -7.71 2.39
0.87 -9.36 0.40
2.43 -9.48 0.08
4.93 -12.18 2.77
1.28 -3.99 -0.10
3.31 -9.49 -1.66
5.50 -10.55 0.18
5.44 -9.51 2.90
-0.19 -5.28 -0.19
1.03 -5.66 -2.20
2.80 -8.29 -0.13
4.05 -8.95 2.00
2.88 -10.94 -0.73
1.32 -7.43 -1.57
3.13 -10.24 -2.99
2.86 -10.20 -1.95
1.96 -8.20 -1.21
3.39 -11.35 0.86
2.30 -6.66 -0.38
6.08 -13.21 -2.05
3.78 -7.76 -2.77
3.99 -8.84 1.00
0.25 -5.96 -0.33
4.35 -13.81 -0.06
0.99 -6.69 0.22
3.62 -13.97 0.31
3.05 -7.26 1.09
3.44 -9.20 -0.49
1.51 -8.11 -0.05
1.32 -8.04 0.14
1.32 -8.01 -1.58
2.51 -9.18 -0.88
5.53 -13.14 -0.57
0.96 -4.57 0.12
2.27 -8.72 -1.76
5.88 -10.16 0.49
3.63 -10.56 -0.84
2.04 -6.08 -0.87
1.83 -5.90 -0.91
6.75 -14.65 -0.92
3.94 -6.80 -0.12
4.97 -9.48 -2.38
4.63 -9.73 -3.89
3.83 -8.62 -2.36
3.48 -7.64 -1.98
4.02 -8.26 -0.94
2.41 -7.17 -1.40
5.55 -11.75 -4.64
3.81 -6.90 -2.89
6.32 -11.20 -0.09
0.38 -4.09 0.09
5.17 -11.78 -4.50
5.89 -8.94 -1.29
3.46 -10.88 0.90
2.74 -8.47 -0.85
2.78 -7.85 -2.18
3.08 -7.88 -1.57
3.27 -8.06 -2.34
3.82 -7.38 -2.09
6.20 -11.89 1.20
2.67 -6.73 -0.47
5.53 -8.43 -3.37
6.58 -7.86 -2.99
7.96 -14.15 -0.71
1.52 -4.11 0.10
3.09 -6.46 -0.05
7.05 -8.11 -0.03
3.67 -5.91 1.16
4.44 -8.56 0.45
5.61 -8.78 -1.97
4.32 -7.44 -0.96
3.58 -7.57 -0.78
9.05 -9.37 -0.56
3.75 -8.67 0.33
6.23 -8.11 -1.14
4.01 -7.00 0.53
5.07 -8.15 -0.86
7.12 -10.90 0.59
4.07 -6.71 1.17
5.56 -9.68 -0.07
3.49 -5.96 0.83
5.93 -7.59 2.11
4.03 -7.48 3.34
5.42 -9.00 1.87
5.54 -6.89 0.19
6.54 -8.65 -0.27
5.91 -6.99 -0.19
7.19 -7.61 1.18
8.33 -8.56 1.61
4.45 -6.91 -0.26
7.04 -9.21 -1.36
6.60 -7.14 -1.23
9.81 -10.50 0.47
1.77 -5.08 -0.20
5.14 -8.33 -2.42
8.76 -7.65 -2.91
5.84 -7.92 -0.38
5.77 -7.04 -2.30
6.29 -8.80 -3.76
8.06 -8.49 -2.15
6.37 -7.86 -0.82
5.46 -7.45 -0.51
9.30 -6.89 -0.40
6.67 -7.73 -0.26
4.99 -7.17 -0.67
6.43 -8.38 -1.41
9.79 -7.94 -0.70
9.17 -7.83 0.23
4.22 -6.11 -0.28
7.89 -8.04 0.22
9.69 -7.10 0.78
7.73 -6.02 5.18
6.38 -6.31 3.95
5.47 -4.40 2.78
5.85 -4.10 2.96
6.27 -6.32 1.36
8.96 -7.29 1.00
8.43 -7.72 1.21
2.23 -5.24 1.69
6.74 -8.11 -0.75
9.22 -5.54 2.20
5.90 -5.66 2.29
7.69 -6.69 2.25
7.69 -5.81 -0.03
7.81 -7.13 0.19
5.91 -6.53 0.48
9.84 -10.21 1.73
3.96 -5.09 0.90
2.98 -6.68 0.43
5.35 -6.83 0.58
11.25 -13.20 -0.27
5.93 -6.02 0.79
5.30 -6.42 -0.29
6.11 -6.81 -0.94
7.92 -7.60 -1.95
6.81 -7.39 -1.39
6.25 -7.22 0.38
10.13 -10.99 2.43
2.50 -4.69 -0.61
6.55 -9.59 -0.72
7.42 -5.85 -1.60
7.46 -11.56 -0.85
6.17 -7.60 1.09
5.37 -7.84 -0.56
4.92 -6.77 0.59
5.98 -8.61 -0.68
5.42 -7.13 -1.24
6.15 -8.62 1.02
7.42 -11.49 -1.84
2.27 -5.01 -0.28
6.85 -7.93 -0.90
10.83 -9.35 -0.60
4.37 -5.38 -0.44
3.22 -4.78 -0.21
3.66 -6.31 -1.40
8.64 -8.72 -0.66
5.40 -4.29 1.34
8.03 -8.22 -1.25
6.49 -7.54 -2.72
6.12 -7.00 -1.77
5.55 -6.86 -1.02
6.93 -10.14 -1.26
2.71 -5.25 0.17
7.66 -9.21 -6.68
4.37 -6.69 -0.94
9.26 -12.34 -2.38
0.34 -3.50 -0.05
4.54 -9.39 -2.28
8.17 -8.24 -1.35
4.91 -7.50 0.82
7.60 -8.89 -1.61
6.11 -7.31 -2.57
5.73 -5.97 -2.71
4.81 -6.37 -1.78
7.32 -8.40 -2.78
8.14 -11.01 -6.31
1.22 -5.47 -2.25
3.68 -4.04 -2.56
8.66 -8.86 -1.31
2.70 -5.86 -1.10
5.55 -8.49 -1.40
2.14 -5.86 -0.80
7.67 -10.13 -1.82
4.61 -7.10 0.47
5.97 -8.72 -2.34
7.06 -9.54 -4.02
5.19 -7.81 -2.45
4.24 -6.50 -1.28
7.85 -11.49 -1.29
1.09 -3.25 0.47
10.21 -13.29 -9.02
3.77 -6.04 -0.98
8.19 -9.46 -2.08
2.85 -5.86 -1.24
6.70 -9.53 -4.30
4.83 -5.55 -2.19
5.66 -9.31 -2.60
4.91 -8.86 -0.11
6.36 -9.67 -4.45
5.31 -8.37 -2.65
4.12 -6.36 -2.45
6.40 -8.43 -0.58
5.90 -8.85 -0.79
2.89 -5.43 -2.22
4.59 -3.83 -3.24
11.52 -10.01 -3.83
0.20 -3.76 0.45
13.21 -9.98 -10.44
8.82 -7.10 -1.92
4.19 -5.51 0.86
6.87 -9.07 -2.61
6.28 -6.97 -3.27
5.65 -6.26 -1.87
4.43 -6.05 -2.35
9.57 -12.28 -1.84
0.33 -3.38 -0.18
10.73 -11.81 -9.85
4.55 -6.21 -1.63
8.66 -12.09 -3.29
0.82 -4.20 0.02
6.25 -10.58 -1.50
5.82 -7.55 -2.63
7.93 -12.66 -2.85
5.13 -6.54 -1.09
4.44 -8.45 -1.95
4.57 -7.87 -1.83
3.75 -8.22 -0.74
4.18 -8.30 1.50
8.43 -13.89 1.08
1.55 -3.83 2.66
8.67 -12.33 -1.24
9.46 -9.45 1.54
2.44 -4.66 2.61
5.46 -8.68 3.53
5.43 -10.56 1.46
6.40 -12.92 0.31
1.30 -8.54 -0.08
4.12 -8.16 1.00
3.91 -14.15 0.36
-0.41 -2.80 0.87
9.40 -13.29 -4.60
6.37 -12.15 1.35
3.52 -5.84 2.61
6.77 -12.31 0.37
5.12 -7.79 1.05
4.62 -7.23 0.37
4.86 -8.59 -0.48
5.10 -8.23 -0.55
8.62 -11.59 3.09
2.06 -4.53 0.63
5.17 -8.64 0.79
4.64 -6.65 0.71
7.60 -12.98 1.77
2.81 -4.16 -0.28
3.67 -6.55 0.21
6.22 -7.99 -0.20
5.78 -7.99 -0.82
5.18 -7.32 -0.26
8.49 -11.77 2.33
5.19 -9.79 2.32
3.91 -5.30 -1.44
5.81 -8.13 0.64
11.60 -9.13 1.34
3.73 -4.11 3.53
6.74 -8.44 2.22
4.81 -7.30 -0.51
5.33 -7.60 -0.48
4.88 -7.50 -0.71
9.01 -10.13 0.14
3.88 -4.63 1.70
5.50 -8.36 -0.29
3.94 -7.99 1.03
4.65 -8.84 -0.39
4.83 -6.49 -0.83
6.57 -8.76 -0.84
3.33 -7.75 -0.13
3.72 -8.27 1.09
6.75 -6.90 -1.66
6.64 -8.48 -2.23
4.91 -7.59 -1.65
5.60 -6.89 -1.70
7.46 -13.70 -0.02
1.18 -3.19 -1.19
4.95 -8.49 -2.45
5.32 -9.19 -1.01
5.60 -12.86 -1.47
6.23 -7.04 -0.16
3.79 -7.51 -1.10
4.17 -8.82 -1.35
4.79 -7.75 -1.76
4.68 -7.53 -1.41
8.93 -11.81 -2.62
1.45 -3.23 0.28
1.11 -5.75 1.70
2.35 -7.19 0.24
10.08 -12.35 -2.17
2.61 -5.15 0.34
5.93 -8.38 -1.27
9.67 -9.51 -0.19
4.89 -4.78 1.50
5.60 -9.16 0.47
5.24 -8.18 -2.46
6.11 -6.94 -1.39
4.23 -7.55 -1.15
